chromosome	start	end	SV.Type	length	tcnNbrOfLoci	tcnMean	tcnNbrOfSNPs	tcnNbrOfHets	dhNbrOfLoci	map	dhMax	cluster	neighbour	distDH	errorSNP	distTcn	errorLength	totalError	minStart	maxStart	minStop	maxStop	area	peaks	meanCovT	meanCovB	tcnMeanRaw	AF	BAF	dhMean	c1Mean	c2Mean	A	B	genotype	TCN	CNA.type	roundTCN	distance_SegmentEndToCentromereStart	distance_SegmentStartToCentromereEnd
1	870802	71539391	NA	70668589	5150	1.078455	5113	102	1	mappable	0.99825	1	edge	0.000875096179	0.007936508	0.08504357641	0.09610721	0.10404372	870802	870802	2709296	2709296	0.9961709	2	231356.0912	22.878045	0.7814892	21.45255	0.9888672	0.9777344	0.0120062459682088	1.0664489	1	0	1:0	1	DUP;AMP;LOH	1	49996043	-123664632
1	71539392	79129856	NA	7590465	0	0	0	0	NA	mappable	NA	NA	NA	NA	Inf	0.67255642359	0.09237712	Inf	71539392	71539392	74831046	74831046	NA	missing	NA	NA	0	NA	NA	0	0	0	0	0	NA	0	TCNneutral;HomoDel	0	42405578	-52996042
1	79129857	97279692	NA	18149836	0	0	0	0	NA	mappable	NA	NA	NA	NA	Inf	0.67255642359	0.09236122	Inf	79129857	79129857	82430026	82430026	NA	missing	NA	NA	0	NA	NA	0	0	0	0	0	NA	0	TCNneutral;HomoDel	0	24255742	-45405577
1	97279693	103479959	NA	6200267	0	0	0	0	NA	mappable	NA	NA	NA	NA	Inf	0.67255642359	0.09282788	Inf	97279693	97279693	100340012	100340012	NA	missing	NA	NA	0	NA	NA	0	0	0	0	0	NA	0	TCNneutral;HomoDel	0	18055475	-27255741
1	103479960	120509989	NA	17030030	0	0	0	0	NA	mappable	NA	NA	NA	NA	Inf	0.67255642359	0.08912592	Inf	103479960	103479960	109170610	109170610	NA	missing	NA	NA	0	NA	NA	0	0	0	0	0	NA	0	TCNneutral;HomoDel	0	1025445	-21055474
1	145012156	161199957	NA	16187801	689	1.502723	686	11	1	mappable	0.2608568175	2	NA	0.738268277998	0.071428571	0.26174357641	0.10314576	0.17457433	145012156	145012156	145699196	145699196	NA	missing	315408.5209	19.867484	1.0889298	NA	NA	NA	NA	NA	NA	NA	NA	NA	DUP;AMP	2	-39664523	20476722
1	161199958	186649755	NA	25449798	0	0	0	0	NA	mappable	NA	NA	NA	NA	Inf	0.67255642359	0.09538319	Inf	163118874	163118874	165170099	165170099	NA	missing	NA	NA	0	NA	NA	0	0	0	0	0	NA	0	TCNneutral;HomoDel	0	-65114321	36664524
1	186649756	193059578	NA	6409823	0	0	0	0	NA	mappable	NA	NA	NA	NA	Inf	0.67255642359	0.08845727	Inf	186649756	186649756	193050401	193050401	NA	missing	NA	NA	0	NA	NA	0	0	0	0	0	NA	0	TCNneutral;HomoDel	0	-71524144	62114322
1	193059579	200570001	NA	7510423	0	0	0	0	NA	mappable	NA	NA	NA	NA	Inf	0.67255642359	0.09185933	Inf	193059579	193059579	196641796	196641796	NA	missing	NA	NA	0	NA	NA	0	0	0	0	0	NA	0	TCNneutral;HomoDel	0	-79034567	68524145
1	200570002	237997903	NA	37427902	11340	1.502723	11282	214	8	mappable	0.2397	2	NA	0.684075096179	0.003968254	0.27814357641	0.08789162	0.09185987	200570002	200570002	207649908	207649908	0.7448204	2	315408.5209	19.867484	1.0889298	20.98913	0.6298969	0.2597937	0.556162553988	0.9465606	1	sub	1:sub	sub	DUP;AMP	2	-116462469	76034568
1	237997904	249149932	NA	11152029	0	0	0	0	NA	mappable	NA	NA	NA	NA	Inf	0.67255642359	0.0953159	Inf	237997904	237997904	240070285	240070285	NA	missing	NA	NA	0	NA	NA	0	0	0	0	0	NA	0	TCNneutral;HomoDel	0	-127614498	113462470
10	320096	8059669	NA	7739574	0	0	0	0	NA	mappable	NA	NA	NA	NA	Inf	0.67255642359	0.09538554	Inf	1089969	1089969	3140460	3140460	NA	missing	NA	NA	0	NA	NA	0	0	0	0	0	NA	0	TCNneutral;HomoDel	0	31195266	-41934839
10	8059670	33219274	NA	25159605	0	0	0	0	NA	mappable	NA	NA	NA	NA	Inf	0.67255642359	0.0923609	Inf	8059670	8059670	11360013	11360013	NA	missing	NA	NA	0	NA	NA	0	0	0	0	0	NA	0	TCNneutral;HomoDel	0	6035661	-34195265
10	33219275	45470737	NA	12251463	0	0	0	0	NA	mappable	NA	NA	NA	NA	Inf	0.67255642359	0.08580958	Inf	33219275	33219275	43600113	43600113	NA	missing	NA	NA	0	NA	NA	0	0	0	0	0	NA	0	TCNneutral;HomoDel	0	-6215802	-9035660
10	45470738	50959983	NA	5489246	456	1.502723	452	5	1	mappable	0.1954235627	2	NA	0.80414880752	0.125	0.79744357641	0.10582047	0.23082047	45470738	45470738	45959893	45959893	NA	missing	315408.5209	19.867484	1.0889298	NA	NA	NA	NA	NA	NA	NA	NA	NA	DUP;AMP	2	-11705048	3215803
10	50959984	55588479	NA	4628496	0	0	0	0	NA	mappable	NA	NA	NA	NA	Inf	0.67255642359	0.09412214	Inf	50959984	50959984	53452180	53452180	NA	missing	NA	NA	0	NA	NA	0	0	0	0	0	NA	0	TCNneutral;HomoDel	0	-16333544	8705049
10	55588480	64979952	NA	9391473	0	0	0	0	NA	mappable	NA	NA	NA	NA	Inf	0.67255642359	0.09044984	Inf	55588480	55588480	60120436	60120436	NA	missing	NA	NA	0	NA	NA	0	0	0	0	0	NA	0	TCNneutral;HomoDel	0	-25725017	13333545
10	64979953	82279960	NA	17300008	0	0	0	0	NA	mappable	NA	NA	NA	NA	Inf	0.67255642359	0.08980325	Inf	64979953	64979953	70040661	70040661	NA	missing	NA	NA	0	NA	NA	0	0	0	0	0	NA	0	TCNneutral;HomoDel	0	-43025025	22725018
10	82279961	101150043	NA	18870083	0	0	0	0	NA	mappable	NA	NA	NA	NA	Inf	0.67255642359	0.09179422	Inf	82279961	82279961	85900729	85900729	NA	missing	NA	NA	0	NA	NA	0	0	0	0	0	NA	0	TCNneutral;HomoDel	0	-61895108	40025026
10	101150044	105949711	NA	4799668	5468	1.078455	5431	64	4	mappable	1.000725	1	NA	0.001599903821	0.010752688	0.02385642359	0.0901124	0.10086509	101150044	101150044	105949711	105949711	1	2	231356.0912	22.878045	0.7814892	21.45255	0.9888672	0.9777344	0.0120062459682088	1.0664489	1	0	1:0	1	DUP;AMP;LOH	1	-66694776	58895109
10	105949712	118350353	NA	12400642	0	0	0	0	NA	mappable	NA	NA	NA	NA	Inf	0.67255642359	0.09257026	Inf	108439817	108439817	111630006	111630006	NA	missing	NA	NA	0	NA	NA	0	0	0	0	0	NA	0	TCNneutral;HomoDel	0	-79095418	63694777
10	118350354	135379710	NA	17029357	1618	1.078455	1611	21	0	mappable	1.0009916668	1	NA	0.000725096179	0.038461538	0.00354357641	0.09230777	0.13076931	118350354	118350354	121679334	121679334	NA	missing	231356.0912	22.878045	0.7814892	NA	NA	NA	NA	NA	NA	NA	NA	NA	DUP;AMP	1	-96124775	76095419
11	200013	22849593	NA	22649581	7578	1.078455	7533	180	4	mappable	0.999	1	edge	0.000912999405	0.004807692	0.04835642359	0.09480893	0.09961662	200013	200013	2439999	2439999	1	2	231356.0912	22.878045	0.7814892	21.45255	0.9888672	0.9777344	0.0120062459682088	1.0664489	1	0	1:0	1	DUP;AMP;LOH	1	28794612	-54444192
11	22849594	36619829	NA	13770236	0	0	0	0	NA	mappable	NA	NA	NA	NA	Inf	0.67255642359	0.09161218	Inf	22849594	22849594	26580661	26580661	NA	missing	NA	NA	0	NA	NA	0	0	0	0	0	NA	0	TCNneutral;HomoDel	0	15024376	-31794611
11	36619830	47619958	NA	11000129	0	0	0	0	NA	mappable	NA	NA	NA	NA	Inf	0.67255642359	0.08811569	Inf	36619830	36619830	43421384	43421384	NA	missing	NA	NA	0	NA	NA	0	0	0	0	0	NA	0	TCNneutral;HomoDel	0	4024247	-18024375
11	56950016	70349966	NA	13399951	16309	1.502723	16256	198	2	mappable	0.085575	2	NA	0.910125096179	0.004081633	0.70904357641	0.08656267	0.0906443	58910102	58910102	67929801	67929801	0.4947274	2	315408.5209	19.867484	1.0889298	20.98913	0.6298969	0.2597937	0.556162553988	0.9465606	1	sub	1:sub	sub	DUP;AMP	2	-18705761	2305811
11	70349967	78369993	NA	8020027	4509	1.078455	4490	64	4	mappable	1.0002	1	NA	0.00018879271	0.012987013	0.04965642359	0.0909298	0.10391682	71140022	71140022	75319782	75319782	1	2	231356.0912	22.878045	0.7814892	21.45255	0.9888672	0.9777344	0.0120062459682088	1.0664489	1	0	1:0	1	DUP;AMP;LOH	1	-26725788	15705762
11	78369994	86669050	NA	8299057	0	0	0	0	NA	mappable	NA	NA	NA	NA	Inf	0.67255642359	0.09074697	Inf	78369994	78369994	82680131	82680131	NA	missing	NA	NA	0	NA	NA	0	0	0	0	0	NA	0	TCNneutral;HomoDel	0	-35024845	23725789
11	86669051	96129172	NA	9460122	0	0	0	0	NA	mappable	NA	NA	NA	NA	Inf	0.67255642359	0.09241595	Inf	86669051	86669051	89940016	89940016	NA	missing	NA	NA	0	NA	NA	0	0	0	0	0	NA	0	TCNneutral;HomoDel	0	-44484967	32024846
11	96129173	134259987	NA	38130815	0	0	0	0	NA	mappable	NA	NA	NA	NA	Inf	0.67255642359	0.09105638	Inf	96129173	96129173	100221283	100221283	NA	missing	NA	NA	0	NA	NA	0	0	0	0	0	NA	0	TCNneutral;HomoDel	0	-82615782	41484968
12	280067	15819974	NA	15539908	1153	1.078455	1150	26	2	mappable	1	1	edge	0.001599903821	0.034482759	0.35544357641	0.10258005	0.13706281	280067	280067	1019965	1019965	NA	missing	231356.0912	22.878045	0.7814892	NA	NA	NA	NA	NA	NA	NA	NA	NA	DUP;AMP	1	19036720	-37576627
12	15819975	51121214	NA	17080022	0	0	0	0	NA	mappable	NA	NA	NA	NA	Inf	0.67255642359	0.08985998	Inf	15819975	15819975	20831602	20831602	NA	missing	NA	NA	0	NA	NA	0	0	0	0	0	NA	0	TCNneutral;HomoDel	0	1956698	-22036719
12	51121215	58209921	NA	7088707	5683	1.078455	5653	90	1	mappable	1.0003749998	1	NA	0.001574903821	0.009009009	0.00645642359	0.09133251	0.10034152	51121215	51121215	55029239	55029239	0.8039216	2	231356.0912	22.878045	0.7814892	21.45255	0.9888672	0.9777344	0.0120062459682088	1.0664489	1	0	1:0	1	DUP;AMP;LOH	1	-23353227	13264521
12	58209922	81769853	NA	23559932	0	0	0	0	NA	mappable	NA	NA	NA	NA	Inf	0.67255642359	0.08954558	Inf	59289619	59289619	64580197	64580197	NA	missing	NA	NA	0	NA	NA	0	0	0	0	0	NA	0	TCNneutral;HomoDel	0	-46913159	20353228
12	81769854	108680127	NA	26910274	0	0	0	0	NA	mappable	NA	NA	NA	NA	Inf	0.67255642359	0.09200056	Inf	81769854	81769854	85270036	85270036	NA	missing	NA	NA	0	NA	NA	0	0	0	0	0	NA	0	TCNneutral;HomoDel	0	-73823433	43913160
12	108680128	124839945	NA	16159817	4354	1.078455	4320	70	2	mappable	1	1	NA	0.000631722002	0.010416667	0.03255642359	0.09116304	0.10157971	108680128	108680128	112699989	112699989	0.9574468	2	231356.0912	22.878045	0.7814892	21.45255	0.9888672	0.9777344	0.0120062459682088	1.0664489	1	0	1:0	1	DUP;AMP;LOH	1	-89983251	70823434
12	124839946	133359326	NA	8519381	0	0	0	0	NA	mappable	NA	NA	NA	NA	Inf	0.67255642359	0.09025715	Inf	126147423	126147423	130830121	130830121	NA	missing	NA	NA	0	NA	NA	0	0	0	0	0	NA	0	TCNneutral;HomoDel	0	-98502632	86983252
14	20760066	24979960	NA	4219895	0	0	0	0	NA	mappable	NA	NA	NA	NA	Inf	0.67255642359	0.10546411	Inf	20948707	20948707	21460001	21460001	NA	missing	NA	NA	0	NA	NA	0	0	0	0	0	NA	0	TCNneutral;HomoDel	0	-8979960	1760066
14	24979961	39649981	NA	14670021	0	0	0	0	NA	mappable	NA	NA	NA	NA	Inf	0.67255642359	0.08849148	Inf	24979961	24979961	31341942	31341942	NA	missing	NA	NA	0	NA	NA	0	0	0	0	0	NA	0	TCNneutral;HomoDel	0	-23649981	5979961
14	39649982	45609983	NA	5960002	0	0	0	0	NA	mappable	NA	NA	NA	NA	Inf	0.67255642359	0.08909639	Inf	39649982	39649982	45370039	45370039	NA	missing	NA	NA	0	NA	NA	0	0	0	0	0	NA	0	TCNneutral;HomoDel	0	-29609983	20649982
14	45609984	81959036	NA	36349053	0	0	0	0	NA	mappable	NA	NA	NA	NA	Inf	0.67255642359	0.09038709	Inf	45609984	45609984	50190417	50190417	NA	missing	NA	NA	0	NA	NA	0	0	0	0	0	NA	0	TCNneutral;HomoDel	0	-65959036	26609984
14	81959037	99630154	NA	17671118	0	0	0	0	NA	mappable	NA	NA	NA	NA	Inf	0.67255642359	0.09099977	Inf	81959037	81959037	86090087	86090087	NA	missing	NA	NA	0	NA	NA	0	0	0	0	0	NA	0	TCNneutral;HomoDel	0	-83630154	62959037
14	99630155	106309759	NA	6679605	7271	1.078455	7248	139	0	mappable	0.9985083336	1	edge	0.002500096179	0.006369427	0.27104357641	0.08821714	0.09458657	99630155	99630155	106309759	106309759	1	2	231356.0912	22.878045	0.7814892	21.45255	0.9888672	0.9777344	0.0120062459682088	1.0664489	1	0	1:0	1	DUP;AMP;LOH	1	-90309759	80630155
15	22840124	39870676	NA	17030553	0	0	0	0	NA	mappable	NA	NA	NA	NA	Inf	0.67255642359	0.09599263	Inf	23049619	23049619	24920042	24920042	NA	missing	NA	NA	0	NA	NA	0	0	0	0	0	NA	0	TCNneutral;HomoDel	0	-22870676	2840124
15	39870677	52609498	NA	12738822	7501	1.078455	7481	90	0	mappable	0.9990346153	1	NA	9.0480795e-05	0.009708738	0.01905642359	0.09076213	0.10047087	39870677	39870677	44169834	44169834	1	2	231356.0912	22.878045	0.7814892	21.45255	0.9888672	0.9777344	0.0120062459682088	1.0664489	1	0	1:0	1	DUP;AMP;LOH	1	-35609498	19870677
15	52609499	94888574	NA	42279076	0	0	0	0	NA	mappable	NA	NA	NA	NA	Inf	0.67255642359	0.09616734	Inf	54009075	54009075	55831062	55831062	NA	missing	NA	NA	0	NA	NA	0	0	0	0	0	NA	0	TCNneutral;HomoDel	0	-77888574	32609499
15	94888575	102199972	NA	7311398	0	0	0	0	NA	mappable	NA	NA	NA	NA	Inf	0.67255642359	0.09179125	Inf	94888575	94888575	98511114	98511114	NA	missing	NA	NA	0	NA	NA	0	0	0	0	0	NA	0	TCNneutral;HomoDel	0	-85199972	74888575
16	100115	5069355	NA	4969241	16654	1.502723	16564	165	5	mappable	0.16435	2	edge	0.821075096179	0.0041841	0.27104357641	0.08990949	0.09409359	100115	100115	5069355	5069355	0.725853	2	315408.5209	19.867484	1.0889298	20.98913	0.6298969	0.2597937	0.556162553988	0.9465606	1	sub	1:sub	sub	DUP;AMP	2	30266446	-38235686
16	5069356	27220575	NA	22151220	0	0	0	0	NA	mappable	NA	NA	NA	NA	Inf	0.67255642359	0.09172763	Inf	5069356	5069356	8730036	8730036	NA	missing	NA	NA	0	NA	NA	0	0	0	0	0	NA	0	TCNneutral;HomoDel	0	8115226	-33266445
16	27220576	31509472	NA	4288897	4547	1.502723	4529	73	0	mappable	0.126675	2	NA	0.893000096179	0.011111111	0.58764357641	0.09610377	0.10721488	29670028	29670028	31509472	31509472	0.2078242	1	315408.5209	19.867484	1.0889298	NA	NA	0	0.751361562	0.7513616	1	1	1:1	2	DUP;AMP	2	3826329	-11115225
16	46690117	61689869	NA	14999753	0	0	0	0	NA	mappable	NA	NA	NA	NA	Inf	0.67255642359	0.10454283	Inf	47119949	47119949	47694037	47694037	NA	missing	NA	NA	0	NA	NA	0	0	0	0	0	NA	0	TCNneutral;HomoDel	0	-26354068	8354316
16	61689870	66420334	NA	4730465	0	0	0	0	NA	mappable	NA	NA	NA	NA	Inf	0.67255642359	0.09019755	Inf	61689870	61689870	66420334	66420334	NA	missing	NA	NA	0	NA	NA	0	0	0	0	0	NA	0	TCNneutral;HomoDel	0	-31084533	23354069
16	66420335	72159877	NA	5739543	7079	2.407272	7064	0	1	mappable	NA	NA	NA	0.000924903821	0.066666667	1.07184357641	0.08907692	0.15574359	66420335	66420335	72159877	72159877	NA	missing	374010.3171	NA	1.7444	NA	NA	NA	NA	NA	NA	NA	NA	NA	DUP;AMP	2	-36824076	28084534
16	72159878	90109969	NA	17950092	0	0	0	0	NA	mappable	NA	NA	NA	NA	Inf	0.67255642359	0.09748116	Inf	72829997	72829997	74330260	74330260	NA	missing	NA	NA	0	NA	NA	0	0	0	0	0	NA	0	TCNneutral;HomoDel	0	-54774168	33824077
17	420033	12919874	NA	12499842	7837	1.078455	7794	131	3	mappable	0.9984500001	1	edge	0.000924903821	0.006134969	0.25084357641	0.0899216	0.09605657	420033	420033	5378957	5378957	0.935489	2	231356.0912	22.878045	0.7814892	21.45255	0.9888672	0.9777344	0.0120062459682088	1.0664489	1	0	1:0	1	DUP;AMP;LOH	1	9343132	-24842973
17	12919875	21438675	NA	8518801	0	0	0	0	NA	mappable	NA	NA	NA	NA	Inf	0.67255642359	0.09293075	Inf	12919875	12919875	15930018	15930018	NA	missing	NA	NA	0	NA	NA	0	0	0	0	0	NA	0	TCNneutral;HomoDel	0	824331	-12343131
17	25630198	49239902	NA	23609704	4912	1.078455	4888	46	2	mappable	0.9999305556	1	NA	0.000805459376	0.015151515	0.03385642359	0.09094385	0.10609536	26650045	26650045	30819975	30819975	1	2	231356.0912	22.878045	0.7814892	21.45255	0.9888672	0.9777344	0.0120062459682088	1.0664489	1	0	1:0	1	DUP;AMP;LOH	1	-26976896	367192
17	49239903	68179474	NA	18939572	0	0	0	0	NA	mappable	NA	NA	NA	NA	Inf	0.67255642359	0.0890959	Inf	49239903	49239903	54960450	54960450	NA	missing	NA	NA	0	NA	NA	0	0	0	0	0	NA	0	TCNneutral;HomoDel	0	-45916468	23976897
17	68179475	72240126	NA	4060652	0	0	0	0	NA	mappable	NA	NA	NA	NA	Inf	0.67255642359	0.09292918	Inf	68179475	68179475	71190379	71190379	NA	missing	NA	NA	0	NA	NA	0	0	0	0	0	NA	0	TCNneutral;HomoDel	0	-49977120	42916469
17	72240127	77099763	NA	4859637	8044	1.73328	8009	150	3	mappable	0.9989142854	NA	NA	0.000359114347	0.005780347	0.58344357641	0.09245679	0.09823714	72240127	72240127	75489489	75489489	1	2	435385.1343	43.538513	1.256	25.11915	1	1	0	1.73328	2	0	2:0	2	DUP;AMP;LOH	2	-54836757	46977121
17	77099764	80899947	NA	3800184	9026	1.078455	8972	223	1	mappable	0.9990478261	1	edge	0.000924903821	0.003717472	0.21734357641	0.09264941	0.09636689	77750315	77750315	80899947	80899947	0.9850759	2	231356.0912	22.878045	0.7814892	21.45255	0.9888672	0.9777344	0.0120062459682088	1.0664489	1	0	1:0	1	DUP;AMP;LOH	1	-58636941	51836758
19	370394	19779885	NA	19409491	21816	1.078455	21698	512	6	mappable	0.9998749999	1	edge	0.000924903821	0.001694915	0.00134357641	0.08536169	0.08705661	370394	370394	11669559	11669559	0.954126	2	231356.0912	22.878045	0.7814892	21.45255	0.9888672	0.9777344	0.0120062459682088	1.0664489	1	0	1:0	1	DUP;AMP;LOH	1	4901897	-27311388
19	19779886	38050006	NA	3010056	0	0	0	0	NA	mappable	NA	NA	NA	NA	Inf	0.67255642359	0.09295141	Inf	19779886	19779886	22780065	22780065	NA	missing	NA	NA	0	NA	NA	0	0	0	0	0	NA	0	TCNneutral;HomoDel	0	1891841	-7901896
19	38050007	59089999	NA	21039992	6841	1.078455	6800	95	2	mappable	0.9985435113	1	NA	0.000581584729	0.008	0.03155642359	0.08990925	0.09790925	38050007	38050007	43019445	43019445	0.9448664	2	231356.0912	22.878045	0.7814892	21.45255	0.9888672	0.9777344	0.0120062459682088	1.0664489	1	0	1:0	1	DUP;AMP;LOH	1	-34408217	10368225
2	240053	39219361	NA	38979309	0	0	0	0	NA	mappable	NA	NA	NA	NA	Inf	0.67255642359	0.09678593	Inf	1799004	1799004	3460624	3460624	NA	missing	NA	NA	0	NA	NA	0	0	0	0	0	NA	0	TCNneutral;HomoDel	0	53106810	-95086118
2	39219362	56109213	NA	16889852	0	0	0	0	NA	mappable	NA	NA	NA	NA	Inf	0.67255642359	0.09282689	Inf	39219362	39219362	42280171	42280171	NA	missing	NA	NA	0	NA	NA	0	0	0	0	0	NA	0	TCNneutral;HomoDel	0	36216958	-56106809
2	56109214	77749404	NA	21640191	0	0	0	0	NA	mappable	NA	NA	NA	NA	Inf	0.67255642359	0.09039801	Inf	56109214	56109214	60681168	60681168	NA	missing	NA	NA	0	NA	NA	0	0	0	0	0	NA	0	TCNneutral;HomoDel	0	14576767	-39216957
2	77749405	81429756	NA	3680352	0	0	0	0	NA	mappable	NA	NA	NA	NA	Inf	0.67255642359	0.09171064	Inf	77749405	77749405	81420349	81420349	NA	missing	NA	NA	0	NA	NA	0	0	0	0	0	NA	0	TCNneutral;HomoDel	0	10896415	-17576766
2	81429757	84920449	NA	3490693	0	0	0	0	NA	mappable	NA	NA	NA	NA	Inf	0.67255642359	0.09201714	Inf	81429757	81429757	84920449	84920449	NA	missing	NA	NA	0	NA	NA	0	0	0	0	0	NA	0	TCNneutral;HomoDel	0	7405722	-13896414
2	84920450	88879510	NA	3959061	1974	1.502723	1964	39	1	mappable	0.13695	2	NA	0.858750096179	0.021276596	0.48564357641	0.09523103	0.11650763	84920450	84920450	87019867	87019867	NA	missing	315408.5209	19.867484	1.0889298	NA	NA	NA	NA	NA	NA	NA	NA	NA	DUP;AMP	2	3446661	-10405721
2	95770159	105889970	NA	10119812	0	0	0	0	NA	mappable	NA	NA	NA	NA	Inf	0.67255642359	0.10198683	Inf	96049790	96049790	96850197	96850197	NA	missing	NA	NA	0	NA	NA	0	0	0	0	0	NA	0	TCNneutral;HomoDel	0	-13563799	443988
2	105889971	113979011	NA	8089041	0	0	0	0	NA	mappable	NA	NA	NA	NA	Inf	0.67255642359	0.09288968	Inf	105889971	105889971	108920036	108920036	NA	missing	NA	NA	0	NA	NA	0	0	0	0	0	NA	0	TCNneutral;HomoDel	0	-21652840	10563800
2	113979012	122209550	NA	8230539	0	0	0	0	NA	mappable	NA	NA	NA	NA	Inf	0.67255642359	0.09036065	Inf	113979012	113979012	118580047	118580047	NA	missing	NA	NA	0	NA	NA	0	0	0	0	0	NA	0	TCNneutral;HomoDel	0	-29883379	18652841
2	122209551	136629839	NA	14420289	0	0	0	0	NA	mappable	NA	NA	NA	NA	Inf	0.67255642359	0.08921746	Inf	122209551	122209551	127810096	127810096	NA	missing	NA	NA	0	NA	NA	0	0	0	0	0	NA	0	TCNneutral;HomoDel	0	-44303668	26883380
2	136629840	145279147	NA	8649308	0	0	0	0	NA	mappable	NA	NA	NA	NA	Inf	0.67255642359	0.086795	Inf	136629840	136629840	145271056	145271056	NA	missing	NA	NA	0	NA	NA	0	0	0	0	0	NA	0	TCNneutral;HomoDel	0	-52952976	41303669
2	145279148	193049489	NA	47770342	0	0	0	0	NA	mappable	NA	NA	NA	NA	Inf	0.67255642359	0.09219016	Inf	145279148	145279148	148672524	148672524	NA	missing	NA	NA	0	NA	NA	0	0	0	0	0	NA	0	TCNneutral;HomoDel	0	-100723318	49952977
2	193049490	242819494	NA	49770005	0	0	0	0	NA	mappable	NA	NA	NA	NA	Inf	0.67255642359	0.09171099	Inf	193049490	193049490	196720222	196720222	NA	missing	NA	NA	0	NA	NA	0	0	0	0	0	NA	0	TCNneutral;HomoDel	0	-150493323	97723319
20	250027	6019825	NA	5769799	962	1.502723	952	31	1	mappable	0.414375	2	edge	0.742300096179	0.026315789	0.17274357641	0.09897797	0.12529376	250027	250027	1459976	1459976	NA	missing	315408.5209	19.867484	1.0889298	NA	NA	NA	NA	NA	NA	NA	NA	NA	DUP;AMP	2	20349744	-29119542
20	6019826	14309967	NA	8290142	0	0	0	0	NA	mappable	NA	NA	NA	NA	Inf	0.67255642359	0.09117747	Inf	6019826	6019826	10030030	10030030	NA	missing	NA	NA	0	NA	NA	0	0	0	0	0	NA	0	TCNneutral;HomoDel	0	12059602	-23349743
20	14309968	25289996	NA	10980029	0	0	0	0	NA	mappable	NA	NA	NA	NA	Inf	0.67255642359	0.09239822	Inf	14309968	14309968	17590364	17590364	NA	missing	NA	NA	0	NA	NA	0	0	0	0	0	NA	0	TCNneutral;HomoDel	0	1079573	-15059601
20	30380002	52789885	NA	22409883	5015	1.502723	4993	56	0	mappable	0.215725	2	NA	0.752575096179	0.01369863	0.44434357641	0.09058452	0.10428315	30380002	30380002	34809855	34809855	NA	missing	315408.5209	19.867484	1.0889298	NA	NA	NA	NA	NA	NA	NA	NA	NA	DUP;AMP	2	-26420316	1010433
20	52789886	62909952	NA	10120067	0	0	0	0	NA	mappable	NA	NA	NA	NA	Inf	0.67255642359	0.09270703	Inf	52789886	52789886	55910365	55910365	NA	missing	NA	NA	0	NA	NA	0	0	0	0	0	NA	0	TCNneutral;HomoDel	0	-36540383	23420317
21	16331523	22915576	NA	6584054	0	0	0	0	NA	mappable	NA	NA	NA	NA	Inf	0.67255642359	0.09159695	Inf	19169554	19169554	22910025	22910025	NA	missing	NA	NA	0	NA	NA	0	0	0	0	0	NA	0	TCNneutral;HomoDel	0	-11627447	2043394
21	22915577	42770512	NA	19854936	0	0	0	0	NA	mappable	NA	NA	NA	NA	Inf	0.67255642359	0.09095111	Inf	22915577	22915577	27080432	27080432	NA	missing	NA	NA	0	NA	NA	0	0	0	0	0	NA	0	TCNneutral;HomoDel	0	-31482383	8627448
21	42770513	47989804	NA	5219292	8441	1.502723	8385	184	0	mappable	0.2123	2	edge	0.896425096179	0.004366812	0.29774357641	0.08962411	0.09399093	42770513	42770513	47989804	47989804	0.4405702	2	315408.5209	19.867484	1.0889298	20.98913	0.6298969	0.2597937	0.556162553988	0.9465606	1	sub	1:sub	sub	DUP;AMP	2	-36701675	28482384
22	17440367	39770117	NA	22329751	0	0	0	0	NA	mappable	NA	NA	NA	NA	Inf	0.67255642359	0.10267086	Inf	17629808	17629808	18360914	18360914	NA	missing	NA	NA	0	NA	NA	0	0	0	0	0	NA	0	TCNneutral;HomoDel	0	-26770117	1440367
22	39770118	47078951	NA	7308834	3754	1.704576	3743	40	0	mappable	0.9977307693	NA	NA	0.00069063672	0.020408163	0.56264357641	0.09245587	0.11286404	39770118	39770118	43019965	43019965	NA	missing	438303.9078	43.830391	1.2352	NA	NA	NA	NA	NA	NA	NA	NA	NA	DUP;AMP	2	-34078951	23770118
22	47078952	51049989	NA	3971038	0	0	0	0	NA	mappable	NA	NA	NA	NA	Inf	0.67255642359	0.09268603	Inf	47078952	47078952	50210020	50210020	NA	missing	NA	NA	0	NA	NA	0	0	0	0	0	NA	0	TCNneutral;HomoDel	0	-38049989	31078952
3	430005	5259956	NA	4829952	0	0	0	0	NA	mappable	NA	NA	NA	NA	Inf	0.67255642359	0.09377862	Inf	449919	449919	3080265	3080265	NA	missing	NA	NA	0	NA	NA	0	0	0	0	0	NA	0	TCNneutral;HomoDel	0	85244898	-93074849
3	5259957	11880496	NA	6620540	0	0	0	0	NA	mappable	NA	NA	NA	NA	Inf	0.67255642359	0.09216	Inf	5259957	5259957	8670072	8670072	NA	missing	NA	NA	0	NA	NA	0	0	0	0	0	NA	0	TCNneutral;HomoDel	0	78624358	-88244897
3	11880497	17209683	NA	5329187	2422	1.078455	2409	72	1	mappable	0.9983250003	1	NA	0.000508429513	0.012195122	0.31464357641	0.09143909	0.10363421	11880497	11880497	15719989	15719989	0.8947484	2	231356.0912	22.878045	0.7814892	21.45255	0.9888672	0.9777344	0.0120062459682088	1.0664489	1	0	1:0	1	DUP;AMP;LOH	1	73295171	-81624357
3	17209684	45720024	NA	28510341	0	0	0	0	NA	mappable	NA	NA	NA	NA	Inf	0.67255642359	0.09083004	Inf	17209684	17209684	21460024	21460024	NA	missing	NA	NA	0	NA	NA	0	0	0	0	0	NA	0	TCNneutral;HomoDel	0	44784830	-76295170
3	45720025	58558980	NA	12838956	8957	1.078455	8939	70	0	mappable	1	1	NA	0.000924903821	0.012048193	0.26544357641	0.08990864	0.10195684	45720025	45720025	50689983	50689983	1	2	231356.0912	22.878045	0.7814892	21.45255	0.9888672	0.9777344	0.0120062459682088	1.0664489	1	0	1:0	1	DUP;AMP;LOH	1	31945874	-47784829
3	58558981	74419436	NA	15860456	0	0	0	0	NA	mappable	NA	NA	NA	NA	Inf	0.67255642359	0.09167751	Inf	58558981	58558981	62250033	62250033	NA	missing	NA	NA	0	NA	NA	0	0	0	0	0	NA	0	TCNneutral;HomoDel	0	16085418	-34945873
3	74419437	78689582	NA	4270146	0	0	0	0	NA	mappable	NA	NA	NA	NA	Inf	0.67255642359	0.09241438	Inf	74419437	74419437	77691236	77691236	NA	missing	NA	NA	0	NA	NA	0	0	0	0	0	NA	0	TCNneutral;HomoDel	0	11815272	-19085417
3	78689583	108399427	NA	9509858	0	0	0	0	NA	mappable	NA	NA	NA	NA	Inf	0.67255642359	0.08762945	Inf	78689583	78689583	86111589	86111589	NA	missing	NA	NA	0	NA	NA	0	0	0	0	0	NA	0	TCNneutral;HomoDel	0	2305414	-14815271
3	88199441	101579848	NA	13380408	0	0	0	0	NA	mappable	NA	NA	NA	NA	Inf	0.67255642359	0.08634511	Inf	88199441	88199441	97590541	97590541	NA	missing	NA	NA	0	NA	NA	0	0	0	0	0	NA	0	TCNneutral;HomoDel	0	-11074994	-5305413
3	108399428	114018646	NA	5619219	0	0	0	0	NA	mappable	NA	NA	NA	NA	Inf	0.67255642359	0.09249217	Inf	108399428	108399428	111630210	111630210	NA	missing	NA	NA	0	NA	NA	0	0	0	0	0	NA	0	TCNneutral;HomoDel	0	-23513792	14894574
3	114018647	142779751	NA	28761105	0	0	0	0	NA	mappable	NA	NA	NA	NA	Inf	0.67255642359	0.09033294	Inf	114018647	114018647	118641391	118641391	NA	missing	NA	NA	0	NA	NA	0	0	0	0	0	NA	0	TCNneutral;HomoDel	0	-52274897	20513793
3	142779752	160798500	NA	18018749	0	0	0	0	NA	mappable	NA	NA	NA	NA	Inf	0.67255642359	0.0926869	Inf	142779752	142779752	145910384	145910384	NA	missing	NA	NA	0	NA	NA	0	0	0	0	0	NA	0	TCNneutral;HomoDel	0	-70293646	49274898
3	160798501	164909785	NA	4111285	0	0	0	0	NA	mappable	NA	NA	NA	NA	Inf	0.67255642359	0.09126549	Inf	160798501	160798501	164750324	164750324	NA	missing	NA	NA	0	NA	NA	0	0	0	0	0	NA	0	TCNneutral;HomoDel	0	-74404931	67293647
3	164909786	174009504	NA	9099719	0	0	0	0	NA	mappable	NA	NA	NA	NA	Inf	0.67255642359	0.0913599	Inf	164909786	164909786	168800066	168800066	NA	missing	NA	NA	0	NA	NA	0	0	0	0	0	NA	0	TCNneutral;HomoDel	0	-83504650	71404932
3	174009505	197689512	NA	23680008	0	0	0	0	NA	mappable	NA	NA	NA	NA	Inf	0.67255642359	0.09020428	Inf	174009505	174009505	178734549	178734549	NA	missing	NA	NA	0	NA	NA	0	0	0	0	0	NA	0	TCNneutral;HomoDel	0	-107184658	80504651
4	650012	17889296	NA	17239285	5478	1.078455	5446	126	3	mappable	0.9993581634	1	edge	0.000233067086	0.006944444	0.05135642359	0.09322874	0.10017319	650012	650012	3519996	3519996	0.971832	2	231356.0912	22.878045	0.7814892	21.45255	0.9888672	0.9777344	0.0120062459682088	1.0664489	1	0	1:0	1	DUP;AMP;LOH	1	31770821	-52010105
4	17889297	27029573	NA	9140277	0	0	0	0	NA	mappable	NA	NA	NA	NA	Inf	0.67255642359	0.09283553	Inf	20736666	20736666	23793221	23793221	NA	missing	NA	NA	0	NA	NA	0	0	0	0	0	NA	0	TCNneutral;HomoDel	0	22630544	-34770820
4	27029574	30729920	NA	3700347	0	0	0	0	NA	mappable	NA	NA	NA	NA	Inf	0.67255642359	0.09167744	Inf	27029574	27029574	30720671	30720671	NA	missing	NA	NA	0	NA	NA	0	0	0	0	0	NA	0	TCNneutral;HomoDel	0	18930197	-25630543
4	30729921	57899984	NA	17858989	0	0	0	0	NA	mappable	NA	NA	NA	NA	Inf	0.67255642359	0.08819132	Inf	30729921	30729921	37440321	37440321	NA	missing	NA	NA	0	NA	NA	0	0	0	0	0	NA	0	TCNneutral;HomoDel	0	1071208	-21930196
4	57899985	90169946	NA	32269962	0	0	0	0	NA	mappable	NA	NA	NA	NA	Inf	0.67255642359	0.08776717	Inf	57899985	57899985	65140017	65140017	NA	missing	NA	NA	0	NA	NA	0	0	0	0	0	NA	0	TCNneutral;HomoDel	0	-40509829	5239868
4	90169947	114828949	NA	24659003	0	0	0	0	NA	mappable	NA	NA	NA	NA	Inf	0.67255642359	0.08891927	Inf	90169947	90169947	96070060	96070060	NA	missing	NA	NA	0	NA	NA	0	0	0	0	0	NA	0	TCNneutral;HomoDel	0	-65168832	37509830
4	114828950	125599981	NA	10771032	0	0	0	0	NA	mappable	NA	NA	NA	NA	Inf	0.67255642359	0.09066363	Inf	114828950	114828950	119200043	119200043	NA	missing	NA	NA	0	NA	NA	0	0	0	0	0	NA	0	TCNneutral;HomoDel	0	-75939864	62168833
4	125599982	129789364	NA	4189383	0	0	0	0	NA	mappable	NA	NA	NA	NA	Inf	0.67255642359	0.09270792	Inf	125599982	125599982	128720012	128720012	NA	missing	NA	NA	0	NA	NA	0	0	0	0	0	NA	0	TCNneutral;HomoDel	0	-80129247	72939865
4	129789365	134077048	NA	4287684	0	0	0	0	NA	mappable	NA	NA	NA	NA	Inf	0.67255642359	0.09078761	Inf	129789365	129789365	134070134	134070134	NA	missing	NA	NA	0	NA	NA	0	0	0	0	0	NA	0	TCNneutral;HomoDel	0	-84416931	77129248
4	134077049	160279949	NA	26202901	0	0	0	0	NA	mappable	NA	NA	NA	NA	Inf	0.67255642359	0.08764327	Inf	134077049	134077049	141480554	141480554	NA	missing	NA	NA	0	NA	NA	0	0	0	0	0	NA	0	TCNneutral;HomoDel	0	-110619832	81416932
4	160279950	164449966	NA	4170017	0	0	0	0	NA	mappable	NA	NA	NA	NA	Inf	0.67255642359	0.09095749	Inf	160279950	160279950	164440360	164440360	NA	missing	NA	NA	0	NA	NA	0	0	0	0	0	NA	0	TCNneutral;HomoDel	0	-114789849	107619833
4	164449967	170989861	NA	6539895	0	0	0	0	NA	mappable	NA	NA	NA	NA	Inf	0.67255642359	0.09018569	Inf	164449967	164449967	169190006	169190006	NA	missing	NA	NA	0	NA	NA	0	0	0	0	0	NA	0	TCNneutral;HomoDel	0	-121329744	111789850
4	170989862	178359978	NA	7370117	0	0	0	0	NA	mappable	NA	NA	NA	NA	Inf	0.67255642359	0.09207072	Inf	170989862	170989862	174450079	174450079	NA	missing	NA	NA	0	NA	NA	0	0	0	0	0	NA	0	TCNneutral;HomoDel	0	-128699861	118329745
4	178359979	187539847	NA	9179869	0	0	0	0	NA	mappable	NA	NA	NA	NA	Inf	0.67255642359	0.08948079	Inf	178359979	178359979	183710195	183710195	NA	missing	NA	NA	0	NA	NA	0	0	0	0	0	NA	0	TCNneutral;HomoDel	0	-137879730	125699862
5	180042	10419374	NA	10239333	0	0	0	0	NA	mappable	NA	NA	NA	NA	Inf	0.67255642359	0.09361207	Inf	2759987	2759987	5460433	5460433	NA	missing	NA	NA	0	NA	NA	0	0	0	0	0	NA	0	TCNneutral;HomoDel	0	35986267	-49225599
5	10419375	16679993	NA	6260619	0	0	0	0	NA	mappable	NA	NA	NA	NA	Inf	0.67255642359	0.09210519	Inf	10419375	10419375	13860152	13860152	NA	missing	NA	NA	0	NA	NA	0	0	0	0	0	NA	0	TCNneutral;HomoDel	0	29725648	-38986266
5	16679994	82939866	NA	26979824	0	0	0	0	NA	mappable	NA	NA	NA	NA	Inf	0.67255642359	0.08402132	Inf	16679994	16679994	31320717	31320717	NA	missing	NA	NA	0	NA	NA	0	0	0	0	0	NA	0	TCNneutral;HomoDel	0	2745824	-32725647
5	82939867	98239809	NA	15299943	0	0	0	0	NA	mappable	NA	NA	NA	NA	Inf	0.67255642359	0.09161358	Inf	82939867	82939867	86670075	86670075	NA	missing	NA	NA	0	NA	NA	0	0	0	0	0	NA	0	TCNneutral;HomoDel	0	-51834168	33534226
5	98239810	102888333	NA	4648524	0	0	0	0	NA	mappable	NA	NA	NA	NA	Inf	0.67255642359	0.09101469	Inf	98239810	98239810	102360558	102360558	NA	missing	NA	NA	0	NA	NA	0	0	0	0	0	NA	0	TCNneutral;HomoDel	0	-56482692	48834169
5	102888334	127648587	NA	24760254	0	0	0	0	NA	mappable	NA	NA	NA	NA	Inf	0.67255642359	0.0914648	Inf	102888334	102888334	106711498	106711498	NA	missing	NA	NA	0	NA	NA	0	0	0	0	0	NA	0	TCNneutral;HomoDel	0	-81242946	53482693
5	127648588	162949061	NA	35300474	0	0	0	0	NA	mappable	NA	NA	NA	NA	Inf	0.67255642359	0.092725	Inf	127648588	127648588	130760039	130760039	NA	missing	NA	NA	0	NA	NA	0	0	0	0	0	NA	0	TCNneutral;HomoDel	0	-116543420	78242947
5	162949062	177540222	NA	14591161	0	0	0	0	NA	mappable	NA	NA	NA	NA	Inf	0.67255642359	0.08994187	Inf	162949062	162949062	167890792	167890792	NA	missing	NA	NA	0	NA	NA	0	0	0	0	0	NA	0	TCNneutral;HomoDel	0	-131134581	113543421
5	177540223	180688789	NA	3148567	3606	1.078455	3598	75	3	mappable	0.9993682834	1	edge	0.000243187403	0.012048193	0.24514357641	0.09265151	0.10469971	177540223	177540223	180688789	180688789	0.9512218	2	231356.0912	22.878045	0.7814892	21.45255	0.9888672	0.9777344	0.0120062459682088	1.0664489	1	0	1:0	1	DUP;AMP;LOH	1	-134283148	128134582
6	400146	18469685	NA	18069540	0	0	0	0	NA	mappable	NA	NA	NA	NA	Inf	0.67255642359	0.09123717	Inf	3269994	3269994	7240498	7240498	NA	missing	NA	NA	0	NA	NA	0	0	0	0	0	NA	0	TCNneutral;HomoDel	0	40360481	-61430020
6	18469686	29570152	NA	11100467	0	0	0	0	NA	mappable	NA	NA	NA	NA	Inf	0.67255642359	0.09270716	Inf	18469686	18469686	21590103	21590103	NA	missing	NA	NA	0	NA	NA	0	0	0	0	0	NA	0	TCNneutral;HomoDel	0	29260014	-43360480
6	29570153	45519816	NA	15949664	10209	2.797536	10199	1	2	mappable	1	NA	NA	0.005908429513	0.090909091	1.35464357641	0.09100181	0.1819109	29570153	29570153	33699792	33699792	NA	missing	429066.8112	42.906681	2.0272	NA	NA	NA	NA	NA	NA	NA	NA	NA	DUP;AMP	3	13310350	-32260013
6	45519817	93956976	NA	11499736	0	0	0	0	NA	mappable	NA	NA	NA	NA	Inf	0.67255642359	0.09939943	Inf	45519817	45519817	46660003	46660003	NA	missing	NA	NA	0	NA	NA	0	0	0	0	0	NA	0	TCNneutral;HomoDel	0	1810614	-16310349
6	93956977	101099555	NA	7142579	0	0	0	0	NA	mappable	NA	NA	NA	NA	Inf	0.67255642359	0.09177353	Inf	93956977	93956977	97590095	97590095	NA	missing	NA	NA	0	NA	NA	0	0	0	0	0	NA	0	TCNneutral;HomoDel	0	-42269389	32126811
6	101099556	118788986	NA	17689431	0	0	0	0	NA	mappable	NA	NA	NA	NA	Inf	0.67255642359	0.09056954	Inf	101099556	101099556	105540636	105540636	NA	missing	NA	NA	0	NA	NA	0	0	0	0	0	NA	0	TCNneutral;HomoDel	0	-59958820	39269390
6	118788987	139569252	NA	20780266	0	0	0	0	NA	mappable	NA	NA	NA	NA	Inf	0.67255642359	0.09074573	Inf	118788987	118788987	123100026	123100026	NA	missing	NA	NA	0	NA	NA	0	0	0	0	0	NA	0	TCNneutral;HomoDel	0	-80739086	56958821
6	139569253	170889999	NA	31320747	0	0	0	0	NA	mappable	NA	NA	NA	NA	Inf	0.67255642359	0.09264717	Inf	139569253	139569253	142720027	142720027	NA	missing	NA	NA	0	NA	NA	0	0	0	0	0	NA	0	TCNneutral;HomoDel	0	-112059833	77739087
7	291127	8269718	NA	7978592	4225	1.078455	4190	67	2	mappable	0.9987666664	1	edge	0.000924903821	0.010752688	0.40114357641	0.09363966	0.10439235	291127	291127	2979814	2979814	1	2	231356.0912	22.878045	0.7814892	21.45255	0.9888672	0.9777344	0.0120062459682088	1.0664489	1	0	1:0	1	DUP;AMP;LOH	1	49784613	-60763204
7	8269719	32629932	NA	24360214	0	0	0	0	NA	mappable	NA	NA	NA	NA	Inf	0.67255642359	0.09265945	Inf	8269719	8269719	11414251	11414251	NA	missing	NA	NA	0	NA	NA	0	0	0	0	0	NA	0	TCNneutral;HomoDel	0	25424399	-52784612
7	32629933	51098988	NA	18469056	0	0	0	0	NA	mappable	NA	NA	NA	NA	Inf	0.67255642359	0.09286913	Inf	32629933	32629933	35670018	35670018	NA	missing	NA	NA	0	NA	NA	0	0	0	0	0	NA	0	TCNneutral;HomoDel	0	6955343	-28424398
7	51098989	73110347	NA	5050980	0	0	0	0	NA	mappable	NA	NA	NA	NA	Inf	0.67255642359	0.09198133	Inf	51098989	51098989	54610213	54610213	NA	missing	NA	NA	0	NA	NA	0	0	0	0	0	NA	0	TCNneutral;HomoDel	0	1904363	-9955342
7	73110348	76959908	NA	3849561	758	2.202066	758	16	0	mappable	0.5500416671	NA	NA	0.449083429513	0.0625	0.92314357641	0.10153787	0.16403787	75180011	75180011	76029999	76029999	NA	missing	475613.546	36.77153	1.5957	NA	NA	NA	NA	NA	NA	NA	NA	NA	DUP;AMP	2	-18905577	12056017
7	76959909	108219502	NA	31259594	0	0	0	0	NA	mappable	NA	NA	NA	NA	Inf	0.67255642359	0.09228714	Inf	76959909	76959909	80300080	80300080	NA	missing	NA	NA	0	NA	NA	0	0	0	0	0	NA	0	TCNneutral;HomoDel	0	-50165171	15905578
7	108219503	117309974	NA	9090472	0	0	0	0	NA	mappable	NA	NA	NA	NA	Inf	0.67255642359	0.0926472	Inf	108219503	108219503	111370261	111370261	NA	missing	NA	NA	0	NA	NA	0	0	0	0	0	NA	0	TCNneutral;HomoDel	0	-59255643	47165172
7	117309975	144099815	NA	26789841	0	0	0	0	NA	mappable	NA	NA	NA	NA	Inf	0.67255642359	0.09280737	Inf	117309975	117309975	120380411	120380411	NA	missing	NA	NA	0	NA	NA	0	0	0	0	0	NA	0	TCNneutral;HomoDel	0	-86045484	56255644
7	144099816	148110015	NA	4010200	0	0	0	0	NA	mappable	NA	NA	NA	NA	Inf	0.67255642359	0.09117747	Inf	144099816	144099816	148110015	148110015	NA	missing	NA	NA	0	NA	NA	0	0	0	0	0	NA	0	TCNneutral;HomoDel	0	-90055684	83045485
7	148110016	158829966	NA	10719951	5088	2.58198	5066	97	1	mappable	0.78085	NA	NA	0.228550096179	0.00862069	1.19844357641	0.09289251	0.1015132	148110016	148110016	151138704	151138704	1	2	616949.8774	53.559385	1.871	23.89445	0.8681319	0.7362637	0.340480879120881	2.2414991	2	sub	2:sub	sub	DUP;AMP;LOH	3	-100775635	87055685
8	190045	12959887	NA	12769843	0	0	0	0	NA	mappable	NA	NA	NA	NA	Inf	0.67255642359	0.0880921	Inf	2029743	2029743	8860009	8860009	NA	missing	NA	NA	0	NA	NA	0	0	0	0	0	NA	0	TCNneutral;HomoDel	0	30879000	-46648842
8	12959888	21830035	NA	8870148	0	0	0	0	NA	mappable	NA	NA	NA	NA	Inf	0.67255642359	0.09102763	Inf	12959888	12959888	17071720	17071720	NA	missing	NA	NA	0	NA	NA	0	0	0	0	0	NA	0	TCNneutral;HomoDel	0	22008852	-33878999
8	21830036	43059564	NA	21229529	4202	1.078455	4186	90	3	mappable	1	1	NA	0.000874903821	0.01010101	0.02095642359	0.09208945	0.10219046	21830036	21830036	25279673	25279673	0.8297872	2	231356.0912	22.878045	0.7814892	21.45255	0.9888672	0.9777344	0.0120062459682088	1.0664489	1	0	1:0	1	DUP;AMP;LOH	1	779323	-25008851
8	48640134	62419630	NA	13779497	0	0	0	0	NA	mappable	NA	NA	NA	NA	Inf	0.67255642359	0.09367856	Inf	49648218	49648218	52320427	52320427	NA	missing	NA	NA	0	NA	NA	0	0	0	0	0	NA	0	TCNneutral;HomoDel	0	-18580743	1801247
8	62419631	69149400	NA	6729770	0	0	0	0	NA	mappable	NA	NA	NA	NA	Inf	0.67255642359	0.09280686	Inf	62419631	62419631	65490321	65490321	NA	missing	NA	NA	0	NA	NA	0	0	0	0	0	NA	0	TCNneutral;HomoDel	0	-25310513	15580744
8	69149401	77898612	NA	8749212	0	0	0	0	NA	mappable	NA	NA	NA	NA	Inf	0.67255642359	0.09152905	Inf	69149401	69149401	72932100	72932100	NA	missing	NA	NA	0	NA	NA	0	0	0	0	0	NA	0	TCNneutral;HomoDel	0	-34059725	22310514
8	77898613	82359696	NA	4461084	0	0	0	0	NA	mappable	NA	NA	NA	NA	Inf	0.67255642359	0.09194521	Inf	77898613	77898613	81430686	81430686	NA	missing	NA	NA	0	NA	NA	0	0	0	0	0	NA	0	TCNneutral;HomoDel	0	-38520809	31059726
8	82359697	106819064	NA	24459368	0	0	0	0	NA	mappable	NA	NA	NA	NA	Inf	0.67255642359	0.09137536	Inf	82359697	82359697	86239999	86239999	NA	missing	NA	NA	0	NA	NA	0	0	0	0	0	NA	0	TCNneutral;HomoDel	0	-62980177	35520810
8	106819065	110989224	NA	4170160	0	0	0	0	NA	mappable	NA	NA	NA	NA	Inf	0.67255642359	0.09194596	Inf	106819065	106819065	110350707	110350707	NA	missing	NA	NA	0	NA	NA	0	0	0	0	0	NA	0	TCNneutral;HomoDel	0	-67150337	59980178
8	110989225	127569939	NA	16580715	0	0	0	0	NA	mappable	NA	NA	NA	NA	Inf	0.67255642359	0.08939379	Inf	110989225	110989225	116420719	116420719	NA	missing	NA	NA	0	NA	NA	0	0	0	0	0	NA	0	TCNneutral;HomoDel	0	-83731052	64150338
8	127569940	135619956	NA	8050017	0	0	0	0	NA	mappable	NA	NA	NA	NA	Inf	0.67255642359	0.09256974	Inf	127569940	127569940	130760399	130760399	NA	missing	NA	NA	0	NA	NA	0	0	0	0	0	NA	0	TCNneutral;HomoDel	0	-91781069	80731053
8	135619957	146109319	NA	10489363	0	0	0	0	NA	mappable	NA	NA	NA	NA	Inf	0.67255642359	0.09122269	Inf	135619957	135619957	139600047	139600047	NA	missing	NA	NA	0	NA	NA	0	0	0	0	0	NA	0	TCNneutral;HomoDel	0	-102270432	88781070
9	370055	8529058	NA	8159004	0	0	0	0	NA	mappable	NA	NA	NA	NA	Inf	0.67255642359	0.10019826	Inf	1059960	1059960	2080163	2080163	NA	missing	NA	NA	0	NA	NA	0	0	0	0	0	NA	0	TCNneutral;HomoDel	0	38838621	-49997624
9	8529059	22009628	NA	13480570	0	0	0	0	NA	mappable	NA	NA	NA	NA	Inf	0.67255642359	0.09039519	Inf	8529059	8529059	13103208	13103208	NA	missing	NA	NA	0	NA	NA	0	0	0	0	0	NA	0	TCNneutral;HomoDel	0	25358051	-41838620
9	22009629	27568513	NA	5558885	0	0	0	0	NA	mappable	NA	NA	NA	NA	Inf	0.67255642359	0.08965538	Inf	22009629	22009629	27200843	27200843	NA	missing	NA	NA	0	NA	NA	0	0	0	0	0	NA	0	TCNneutral;HomoDel	0	19799166	-28358050
9	27568514	33460479	NA	5891966	0	0	0	0	NA	mappable	NA	NA	NA	NA	Inf	0.67255642359	0.09004885	Inf	27568514	27568514	32420573	32420573	NA	missing	NA	NA	0	NA	NA	0	0	0	0	0	NA	0	TCNneutral;HomoDel	0	13907200	-22799165
9	33460480	37769944	NA	4309465	3383	1.078455	3365	60	1	mappable	1	1	NA	0.00121913459	0.01369863	0.02935642359	0.09221528	0.10591391	33460480	33460480	36839980	36839980	1	2	231356.0912	22.878045	0.7814892	21.45255	0.9888672	0.9777344	0.0120062459682088	1.0664489	1	0	1:0	1	DUP;AMP;LOH	1	9597735	-16907199
9	71391080	82329832	NA	10938753	576	1.502723	574	10	0	mappable	0.2022770049	2	NA	0.667187128265	0.083333333	0.38214357641	0.10073261	0.18406594	71391080	71391080	72339090	72339090	NA	missing	315408.5209	19.867484	1.0889298	NA	NA	NA	NA	NA	NA	NA	NA	NA	DUP;AMP	2	-34962153	21023401
9	82329833	114691408	NA	32361576	0	0	0	0	NA	mappable	NA	NA	NA	NA	Inf	0.67255642359	0.09128302	Inf	82329833	82329833	86270147	86270147	NA	missing	NA	NA	0	NA	NA	0	0	0	0	0	NA	0	TCNneutral;HomoDel	0	-67323729	31962154
9	114691409	119164536	NA	4473128	2466	1.078455	2451	51	0	mappable	0.99635	1	NA	0.002775096179	0.015873016	0.02674357641	0.09263195	0.10850496	114691409	114691409	117849941	117849941	NA	missing	231356.0912	22.878045	0.7814892	NA	NA	NA	NA	NA	NA	NA	NA	NA	DUP;AMP	1	-71796857	64323730
9	119164537	129260026	NA	10095490	0	0	0	0	NA	mappable	NA	NA	NA	NA	Inf	0.67255642359	0.0927472	Inf	120479671	120479671	123580004	123580004	NA	missing	NA	NA	0	NA	NA	0	0	0	0	0	NA	0	TCNneutral;HomoDel	0	-81892347	68796858
9	129260027	141019791	NA	11759765	8372	1.078455	8342	149	0	mappable	0.998690196	1	NA	0.000434900101	0.006060606	0.37934357641	0.08964578	0.09570639	129260027	129260027	134459840	134459840	0.9471661	2	231356.0912	22.878045	0.7814892	21.45255	0.9888672	0.9777344	0.0120062459682088	1.0664489	1	0	1:0	1	DUP;AMP;LOH	1	-93652112	78892348
X	2770167	24759992	NA	21989826	0	0	0	0	NA	mappable	NA	NA	NA	NA	NA	NA	NA	NA	2779936	2779936	9680035	9680035	NA	missing	NA	NA	0	NA	NA	0	0	0	0	0	0	0	TCNneutral;HomoDel	0	33872020	-58861845
X	24759993	30849854	NA	6089862	0	0	0	0	NA	mappable	NA	NA	NA	NA	NA	NA	NA	NA	24759993	24759993	30260014	30260014	NA	missing	NA	NA	0	NA	NA	0	0	0	0	0	0	0	TCNneutral;HomoDel	0	27782158	-36872019
X	30849855	41379976	NA	10530122	0	0	0	0	NA	mappable	NA	NA	NA	NA	NA	NA	NA	NA	30849855	30849855	37310338	37310338	NA	missing	NA	NA	0	NA	NA	0	0	0	0	0	0	0	TCNneutral;HomoDel	0	17252036	-30782157
X	41379977	79949984	NA	13670017	0	0	0	0	NA	mappable	NA	NA	NA	NA	NA	NA	NA	NA	41379977	41379977	46912332	46912332	NA	missing	NA	NA	0	NA	NA	0	0	0	0	0	0	0	TCNneutral;HomoDel	0	3582019	-20252035
X	79949985	86088766	NA	6138782	0	0	0	0	NA	mappable	NA	NA	NA	NA	NA	NA	NA	NA	79949985	79949985	86082218	86082218	NA	missing	NA	NA	0	NA	NA	0	0	0	0	0	0	0	TCNneutral;HomoDel	0	-27456754	18317973
X	86088767	110548166	NA	24459400	0	0	0	0	NA	mappable	NA	NA	NA	NA	NA	NA	NA	NA	86088767	86088767	96850687	96850687	NA	missing	NA	NA	0	NA	NA	0	0	0	0	0	0	0	TCNneutral;HomoDel	0	-51916154	24456755
X	110548167	119579927	NA	9031761	0	0	0	0	NA	mappable	NA	NA	NA	NA	NA	NA	NA	NA	110548167	110548167	114880278	114880278	NA	missing	NA	NA	0	NA	NA	0	0	0	0	0	0	0	TCNneutral;HomoDel	0	-60947915	48916155
X	119579928	123519951	NA	3940024	0	0	0	0	NA	mappable	NA	NA	NA	NA	NA	NA	NA	NA	119579928	119579928	122752947	122752947	NA	missing	NA	NA	0	NA	NA	0	0	0	0	0	0	0	TCNneutral;HomoDel	0	-64887939	57947916
X	123519952	135767859	NA	12247908	0	0	0	0	NA	mappable	NA	NA	NA	NA	NA	NA	NA	NA	123519952	123519952	128690831	128690831	NA	missing	NA	NA	0	NA	NA	0	0	0	0	0	0	0	TCNneutral;HomoDel	0	-77135847	61887940
X	135767860	151811253	NA	16043394	0	0	0	0	NA	mappable	NA	NA	NA	NA	NA	NA	NA	NA	135767860	135767860	140991144	140991144	NA	missing	NA	NA	0	NA	NA	0	0	0	0	0	0	0	TCNneutral;HomoDel	0	-93179241	74135848
X	151811254	154299993	NA	2488740	3310	0.908523	3310	0	0	mappable	NA	NA	NA	NA	NA	NA	NA	NA	151811254	151811254	154299993	154299993	NA	missing	318883.7326	NA	1.3167	NA	NA	NA	NA	NA	1	NA	1	1	DUP	1	-95667981	90179242
