#chromosome	start	end	length
1	-Inf	2709296	Inf
1	2709297	3350055	640758
1	3350056	3759959	409903
1	3759960	5920001	2160041
1	5920002	6699949	779947
1	6699950	7840025	1140075
1	7840026	7848611	8585
1	7848612	8410043	561431
1	8410044	9799852	1389808
1	9799853	10330418	530565
1	10330419	12789064	2458645
1	12789065	13940010	1150945
1	13940011	14109904	169893
1	14109905	15440708	1330803
1	15440709	16779901	1339192
1	16779902	17290057	510155
1	17290058	17959131	669073
1	17959132	19070880	1111748
1	19070881	19589976	519095
1	19589977	20230027	640050
1	20230028	21329501	1099473
1	21329502	21900083	570581
1	21900084	22219850	319766
1	22219851	22832179	612328
1	22832180	24799977	1967797
1	24799978	25890049	1090071
1	25890050	28289538	2399488
1	28289539	28860357	570818
1	28860358	28869449	9091
1	28869450	29440357	570907
1	29440358	29639494	199136
1	29639495	31180399	1540904
1	31180400	34089844	2909444
1	34089845	35220013	1130168
1	35220014	37269819	2049805
1	37269820	37940032	670212
1	37940033	38489907	549874
1	38489908	39750018	1260110
1	39750019	42049959	2299940
1	42049960	43220055	1170095
1	43220056	47909958	4689902
1	47909959	48690167	780208
1	48690168	48869913	179745
1	48869914	50660427	1790513
1	50660428	50889307	228879
1	50889308	51430388	541080
1	51430389	52829926	1399537
1	52829927	53511138	681211
1	53511139	53729954	218815
1	53729955	54510012	780057
1	54510013	55628617	1118604
1	55628618	57170003	1541385
1	57170004	57179934	9930
1	57179935	59120649	1940714
1	59120650	59139534	18884
1	59139535	60330433	1190898
1	60330434	60339829	9395
1	60339830	61920768	1580938
1	61920769	61929754	8985
1	61929755	62910264	980509
1	62910265	63069922	159657
1	63069923	63870098	800175
1	63870099	63879938	9839
1	63879939	65140995	1261056
1	65140996	65339232	198236
1	65339233	65850065	510832
1	65850066	66107305	257239
1	66107306	66820267	712961
1	66820268	66839958	19690
1	66839959	67390415	550456
1	67390416	67469979	79563
1	67469980	68510318	1040338
1	68510319	68619613	109294
1	68619614	70501709	1882095
1	70501710	70719702	217992
1	70719703	71472144	752441
1	71472145	71539391	67246
1	71539392	74831046	3291654
1	74831047	75039266	208219
1	75039267	75600208	560941
1	75600209	75688386	88177
1	75688387	76250029	561642
1	76250030	76259927	9897
1	76259928	77091915	831987
1	77091916	77099947	8031
1	77099948	78040893	940945
1	78040894	78438322	397428
1	78438323	79120090	681767
1	79120091	79129856	9765
1	79129857	82430026	3300169
1	82430027	82459900	29873
1	82459901	84330456	1870555
1	84330457	86049886	1719429
1	86049887	86900007	850120
1	86900008	87039967	139959
1	87039968	87570144	530176
1	87570145	87579990	9845
1	87579991	89580023	2000032
1	89580024	90479449	899425
1	90479450	92180106	1700656
1	92180107	94657722	2477615
1	94657723	95360114	702391
1	95360115	95369427	9312
1	95369428	97270016	1900588
1	97270017	97279692	9675
1	97279693	100340012	3060319
1	100340013	101447798	1107785
1	101447799	103341446	1893647
1	103341447	103479959	138512
1	103479960	109170610	5690650
1	109170611	111149907	1979296
1	111149908	111660074	510166
1	111660075	112319991	659916
1	112319992	113000003	680011
1	113000004	113659342	659338
1	113659343	114220766	561423
1	114220767	115319349	1098582
1	115319350	116231973	912623
1	116231974	116386723	154749
1	116386724	116930006	543282
1	116930007	116949629	19622
1	116949630	117620053	670423
1	117620054	118539442	919388
1	118539443	120161759	1622316
1	120161760	120509989	348229
1	120509990	145012155	24502165
1	145012156	145699196	687040
1	145699197	146630047	930850
1	146630048	147129727	499679
1	147129728	149870612	2740884
1	149870613	152086624	2216011
1	152086625	153270009	1183384
1	153270010	155309990	2039980
1	155309991	155880007	570016
1	155880008	159179669	3299661
1	159179670	159800002	620332
1	159800003	161199957	1399954
1	161199958	162330829	1130871
1	162330830	163118873	788043
1	163118874	165170099	2051225
1	165170100	165639490	469390
1	165639491	166810004	1170513
1	166810005	167409975	599970
1	167409976	168200689	790713
1	168200690	168209179	8489
1	168209180	169430285	1221105
1	169430286	169829583	399297
1	169829584	170690922	861338
1	170690923	171759815	1068892
1	171759816	172410474	650658
1	172410475	172559346	148871
1	172559347	173490048	930701
1	173490049	173909237	419188
1	173909238	174960251	1051013
1	174960252	175339967	379715
1	175339968	176830324	1490356
1	176830325	177249973	419648
1	177249974	177900093	650119
1	177900094	180249951	2349857
1	180249952	180850490	600538
1	180850491	181029920	179429
1	181029921	181680027	650106
1	181680028	183909980	2229952
1	183909981	184590049	680068
1	184590050	185279961	689911
1	185279962	185930118	650156
1	185930119	186649755	719636
1	186649756	193050401	6400645
1	193050402	193059578	9176
1	193059579	196641796	3582217
1	196641797	197908869	1267072
1	197908870	198660011	751141
1	198660012	198719988	59976
1	198719989	200570001	1850012
1	200570002	207649908	7079906
1	207649909	208200024	550115
1	208200025	208219609	19584
1	208219610	209780002	1560392
1	209780003	210419856	639853
1	210419857	211480199	1060342
1	211480200	211749745	269545
1	211749746	212270848	521102
1	212270849	212529985	259136
1	212529986	213160825	630839
1	213160826	213169627	8801
1	213169628	214500710	1331082
1	214500711	214819980	319269
1	214819981	215790932	970951
1	215790933	215799406	8473
1	215799407	217780453	1981046
1	217780454	218618677	838223
1	218618678	220150143	1531465
1	220150144	220369893	219749
1	220369894	221050366	680472
1	221050367	221059821	9454
1	221059822	222800631	1740809
1	222800632	223179494	378862
1	223179495	223710496	531001
1	223710497	224349821	639324
1	224349822	225540009	1190187
1	225540010	227179875	1639865
1	227179876	228280213	1100337
1	228280214	228599424	319210
1	228599425	229430033	830608
1	229430034	229789891	359857
1	229789892	230410019	620127
1	230410020	231477471	1067451
1	231477472	232170736	693264
1	232170737	232179526	8789
1	232179527	232940404	760877
1	232940405	233519994	579589
1	233519995	234450021	930026
1	234450022	234749243	299221
1	234749244	235890095	1140851
1	235890096	237067240	1177144
1	237067241	237750018	682777
1	237750019	237997903	247884
1	237997904	240070285	2072381
1	240070286	240079430	9144
1	240079431	241750033	1670602
1	241750034	241799481	49447
1	241799482	243660257	1860775
1	243660258	243669012	8754
1	243669013	245020019	1351006
1	245020020	245029978	9958
1	245029979	245860664	830685
1	245860665	245869848	9183
1	245869849	246920889	1051040
1	246920890	246929603	8713
1	246929604	247460571	530967
1	247460572	247697365	236793
1	247697366	249100844	1403478
1	249100845	Inf	Inf
2	-Inf	279931	Inf
2	279932	1631119	1351187
2	1631120	1799003	167883
2	1799004	3460624	1661620
2	3460625	3729465	268840
2	3729466	5830598	2101132
2	5830599	5839973	9374
2	5839974	7180025	1340051
2	7180026	7189354	9328
2	7189355	8870018	1680663
2	8870019	8999917	129898
2	8999918	9540090	540172
2	9540091	10938527	1398436
2	10938528	11720594	782066
2	11720595	11969090	248495
2	11969091	14770342	2801251
2	14770343	14779829	9486
2	14779830	16730079	1950249
2	16730080	16749178	19098
2	16749179	17690045	940866
2	17690046	17969956	279910
2	17969957	18760036	790079
2	18760037	18769992	9955
2	18769993	20130077	1360084
2	20130078	21368904	1238826
2	21368905	23970343	2601438
2	23970344	24249539	279195
2	24249540	25040081	790541
2	25040082	27889970	2849888
2	27889971	28630120	740149
2	28630121	29449927	819806
2	29449928	30950318	1500390
2	30950319	31628976	678657
2	31628977	32530383	901406
2	32530384	32719507	189123
2	32719508	33780325	1060817
2	33780326	33818435	38109
2	33818436	36771234	2952798
2	36771235	37488775	717540
2	37488776	38290996	802220
2	38290997	39219361	928364
2	39219362	42280171	3060809
2	42280172	44549981	2269809
2	44549982	46600969	2050987
2	46600970	46609971	9001
2	46609972	47600182	990210
2	47600183	48039952	439769
2	48039953	48820322	780369
2	48820323	48829963	9640
2	48829964	50140819	1310855
2	50140820	50149705	8885
2	50149706	51140016	990310
2	51140017	51259988	119971
2	51259989	54120024	2860035
2	54120025	54128877	8852
2	54128878	54840292	711414
2	54840293	55529951	689658
2	55529952	56101451	571499
2	56101452	56109213	7761
2	56109214	60681168	4571954
2	60681169	61729871	1048702
2	61729872	63271261	1541389
2	63271262	64149991	878729
2	64149992	64680005	530013
2	64680006	65319755	639749
2	65319756	66660002	1340246
2	66660003	66799987	139984
2	66799988	68400369	1600381
2	68400370	70169767	1769397
2	70169768	70670063	500295
2	70670064	71899831	1229767
2	71899832	73440374	1540542
2	73440375	73679990	239615
2	73679991	74320105	640114
2	74320106	74909765	589659
2	74909766	75890006	980240
2	75890007	75899910	9903
2	75899911	77740230	1840319
2	77740231	77749404	9173
2	77749405	81420349	3670944
2	81420350	81429756	9406
2	81429757	84920449	3490692
2	84920450	87019867	2099417
2	87019868	88390404	1370536
2	88390405	88879510	489105
2	88879511	95770158	6890647
2	95770159	96049789	279630
2	96049790	96850197	800407
2	96850198	97539320	689122
2	97539321	98270774	731453
2	98270775	98429988	159213
2	98429989	99170365	740376
2	99170366	99239931	69565
2	99239932	100010301	770369
2	100010302	100029406	19104
2	100029407	100890032	860625
2	100890033	101889962	999929
2	101889963	102440131	550168
2	102440132	103328050	887918
2	103328051	105880825	2552774
2	105880826	105889970	9144
2	105889971	108920036	3030065
2	108920037	108929431	9394
2	108929432	110370464	1441032
2	110370465	110376715	6250
2	110376716	110880045	503329
2	110880046	110889368	9322
2	110889369	111410839	521470
2	111410840	111926420	515580
2	111926421	112750984	824563
2	112750985	113979011	1228026
2	113979012	118580047	4601035
2	118580048	118709971	129923
2	118709972	119730891	1020919
2	119730892	119739968	9076
2	119739969	120733786	993817
2	120733787	121109737	375950
2	121109738	121740088	630350
2	121740089	122209550	469461
2	122209551	127810096	5600545
2	127810097	128949893	1139796
2	128949894	131090012	2140118
2	131090013	131809993	719980
2	131809994	133420163	1610169
2	133420164	133549986	129822
2	133549987	135210019	1660032
2	135210020	135929628	719608
2	135929629	136540010	610381
2	136540011	136629839	89828
2	136629840	145271056	8641216
2	145271057	145279147	8090
2	145279148	148672524	3393376
2	148672525	148698964	26439
2	148698965	149240575	541610
2	149240576	149278071	37495
2	149278072	149850789	572717
2	149850790	149868681	17891
2	149868682	152100975	2232293
2	152100976	152979980	879004
2	152979981	153490823	510842
2	153490824	153578474	87650
2	153578475	155300069	1721594
2	155300070	155309972	9902
2	155309973	157180688	1870715
2	157180689	157189777	9088
2	157189778	158160269	970491
2	158160270	158179306	19036
2	158179307	160080509	1901202
2	160080510	160629767	549257
2	160629768	162270821	1641053
2	162270822	162279070	8248
2	162279071	162870060	590989
2	162870061	163139753	269692
2	163139754	164460037	1320283
2	164460038	164468606	8568
2	164468607	165540103	1071496
2	165540104	165559970	19866
2	165559971	166531734	971763
2	166531735	167269898	738163
2	167269899	168100097	830198
2	168100098	168109117	9019
2	168109118	169621806	1512688
2	169621807	170789735	1167928
2	170789736	172330005	1540269
2	172330006	172339972	9966
2	172339973	172940010	600037
2	172940011	173359715	419704
2	173359716	174080034	720318
2	174080035	174229999	149964
2	174230000	175260098	1030098
2	175260099	176049189	789090
2	176049190	176790032	740842
2	176790033	177039660	249627
2	177039661	178090256	1050595
2	178090257	178408894	318637
2	178408895	179250004	841109
2	179250005	179979943	729938
2	179979944	182760045	2780101
2	182760046	182769998	9952
2	182769999	183620028	850029
2	183620029	183799941	179912
2	183799942	185800189	2000247
2	185800190	185809746	9556
2	185809747	186650070	840323
2	186650071	186679989	29918
2	186679990	187500681	820691
2	187500682	187629766	129084
2	187629767	189450148	1820381
2	189450149	192259458	2809309
2	192259459	193041434	781975
2	193041435	193049489	8054
2	193049490	196720222	3670732
2	196720223	197709474	989251
2	197709475	198260631	551156
2	198260632	198289575	28943
2	198289576	200790049	2500473
2	200790050	200797879	7829
2	200797880	201434408	636528
2	201434409	201729485	295076
2	201729486	202240616	511130
2	202240617	202759727	519110
2	202759728	203420021	660293
2	203420022	203639924	219902
2	203639925	204290324	650399
2	204290325	204826910	536585
2	204826911	206480037	1653126
2	206480038	207659761	1179723
2	207659762	208461658	801896
2	208461659	208639715	178056
2	208639716	209160555	520839
2	209160556	209219993	59437
2	209219994	210560148	1340154
2	210560149	210838140	277991
2	210838141	211450135	611994
2	211450136	211469993	19857
2	211469994	212240336	770342
2	212240337	212249961	9624
2	212249962	214012224	1762262
2	214012225	214019235	7010
2	214019236	215270112	1250876
2	215270113	216299713	1029600
2	216299714	216960469	660755
2	216960470	216978042	17572
2	216978043	217540123	562080
2	217540124	217549082	8958
2	217549083	218660188	1111105
2	218660189	220509169	1848980
2	220509170	222431285	1922115
2	222431286	222439496	8210
2	222439497	223160035	720538
2	223160036	223169978	9942
2	223169979	223780920	610941
2	223780921	223789900	8979
2	223789901	224740278	950377
2	224740279	224749694	9415
2	224749695	225630148	880453
2	225630149	225669996	39847
2	225669997	227660003	1990006
2	227660004	228199608	539604
2	228199609	230630046	2430437
2	230630047	232398924	1768877
2	232398925	233340194	941269
2	233340195	234739870	1399675
2	234739871	235401561	661690
2	235401562	235409179	7617
2	235409180	238000256	2591076
2	238000257	239359935	1359678
2	239359936	239969999	610063
2	239970000	239979913	9913
2	239979914	240500041	520127
2	240500042	240509587	9545
2	240509588	241070065	560477
2	241070066	Inf	Inf
3	-Inf	449918	Inf
3	449919	3080265	2630346
3	3080266	3198725	118459
3	3198726	4680761	1482035
3	4680762	5259956	579194
3	5259957	8670072	3410115
3	8670073	10379965	1709892
3	10379966	10970052	590086
3	10970053	11309784	339731
3	11309785	11880496	570711
3	11880497	15719989	3839492
3	15719990	16300149	580159
3	16300150	16347723	47573
3	16347724	17200090	852366
3	17200091	17209683	9592
3	17209684	21460024	4250340
3	21460025	21467498	7473
3	21467499	24160034	2692535
3	24160035	24169627	9592
3	24169628	25630803	1461175
3	25630804	25679882	49078
3	25679883	27460078	1780195
3	27460079	27479311	19232
3	27479312	28360501	881189
3	28360502	28369427	8925
3	28369428	30730002	2360574
3	30730003	30737787	7784
3	30737788	31700122	962334
3	31700123	31709967	9844
3	31709968	32490135	780167
3	32490136	33909825	1419689
3	33909826	35720064	1810238
3	35720065	35729268	9203
3	35729269	36750444	1021175
3	36750445	39229978	2479533
3	39229979	40570092	1340113
3	40570093	40578955	8862
3	40578956	41261687	682731
3	41261688	41279834	18146
3	41279835	42260689	980854
3	42260690	43099310	838620
3	43099311	44400175	1300864
3	44400176	45139507	739331
3	45139508	45720024	580516
3	45720025	50689983	4969958
3	50689984	51370358	680374
3	51370359	53919864	2549505
3	53919865	55500044	1580179
3	55500045	55509662	9617
3	55509663	56650011	1140348
3	56650012	57329857	679845
3	57329858	58080399	750541
3	58080400	58558980	478580
3	58558981	62250033	3691052
3	62250034	62359996	109962
3	62359997	63980995	1620998
3	63980996	64089492	108496
3	64089493	64600686	511193
3	64600687	64609707	9020
3	64609708	65340039	730331
3	65340040	65357693	17653
3	65357694	66420082	1062388
3	66420083	66459992	39909
3	66459993	69050400	2590407
3	69050401	69249991	199590
3	69249992	71000626	1750634
3	71000627	71009772	9145
3	71009773	71730000	720227
3	71730001	71739604	9603
3	71739605	72421967	682362
3	72421968	73439905	1017937
3	73439906	74410775	970869
3	74410776	74419436	8660
3	74419437	77691236	3271799
3	77691237	77699342	8105
3	77699343	78680045	980702
3	78680046	78689582	9536
3	78689583	86111589	7422006
3	86111590	86119987	8397
3	86119988	86990020	870032
3	86990021	87309466	319445
3	87309467	88100278	790811
3	88100279	88199440	99161
3	88199441	97590541	9391100
3	97590542	97669935	79393
3	97669936	98510624	840688
3	98510625	98539362	28737
3	98539363	99510090	970727
3	99510091	99519996	9905
3	99519997	100461907	941910
3	100461908	100949935	488027
3	100949936	101480634	530698
3	101480635	101579848	99213
3	101579849	105260221	3680372
3	105260222	105379246	119024
3	105379247	107520029	2140782
3	107520030	108399427	879397
3	108399428	111630210	3230782
3	111630211	114018646	2388435
3	114018647	118641391	4622744
3	118641392	120409583	1768191
3	120409584	121130965	721381
3	121130966	123679962	2548996
3	123679963	124370029	690066
3	124370030	124949914	579884
3	124949915	125820113	870198
3	125820114	126757552	937438
3	126757553	127291594	534041
3	127291595	129309455	2017860
3	129309456	130110002	800546
3	130110003	131109184	999181
3	131109185	131750348	641163
3	131750349	132419895	669546
3	132419896	133100014	680118
3	133100015	134089903	989888
3	134089904	135862356	1772452
3	135862357	136059790	197433
3	136059791	137780015	1720224
3	137780016	139098490	1318474
3	139098491	140280288	1181797
3	140280289	141168943	888654
3	141168944	141880186	711242
3	141880187	142779751	899564
3	142779752	145910384	3130632
3	145910385	146179959	269574
3	146179960	147100651	920691
3	147100652	147139252	38600
3	147139253	148871123	1731870
3	148871124	148879971	8847
3	148879972	149681455	801483
3	149681456	149689506	8050
3	149689507	150910123	1220616
3	150910124	151169646	259522
3	151169647	152172978	1003331
3	152172979	152177723	4744
3	152177724	152880020	702296
3	152880021	152889976	9955
3	152889977	153970319	1080342
3	153970320	154029912	59592
3	154029913	156390224	2360311
3	156390225	156879120	488895
3	156879121	157812310	933189
3	157812311	157828891	16580
3	157828892	158360879	531987
3	158360880	158389957	29077
3	158389958	158980013	590055
3	158980014	158989784	9770
3	158989785	159600088	610303
3	159600089	159609989	9900
3	159609990	160150010	540020
3	160150011	160159459	9448
3	160159460	160780141	620681
3	160780142	160798500	18358
3	160798501	164750324	3951823
3	164750325	164909785	159460
3	164909786	168800066	3890280
3	168800067	168869998	69931
3	168869999	169500083	630084
3	169500084	169719629	219545
3	169719630	170580913	861283
3	170580914	170729873	148959
3	170729874	172111715	1381841
3	172111716	172539439	427723
3	172539440	173990950	1451510
3	173990951	174009504	18553
3	174009505	178734549	4725044
3	178734550	178739876	5326
3	178739877	179290092	550215
3	179290093	179519789	229696
3	179519790	180320048	800258
3	180320049	180329043	8994
3	180329044	182630867	2301823
3	182630868	182639483	8615
3	182639484	183520216	880732
3	183520217	184648573	1128356
3	184648574	185199999	551425
3	185200000	185639804	439804
3	185639805	186281338	641533
3	186281339	187449961	1168622
3	187449962	188590226	1140264
3	188590227	188599906	9679
3	188599907	190020011	1420104
3	190020012	190578987	558975
3	190578988	191110079	531091
3	191110080	191119770	9690
3	191119771	193040030	1920259
3	193040031	193369995	329964
3	193369996	194150277	780281
3	194150278	194159790	9512
3	194159791	194990543	830752
3	194990544	196869899	1879355
3	196869900	197400162	530262
3	197400163	Inf	Inf
4	-Inf	3519996	Inf
4	3519997	4420007	900010
4	4420008	4429160	9152
4	4429161	5810000	1380839
4	5810001	6088991	278990
4	6088992	6620017	531025
4	6620018	6867748	247730
4	6867749	7431942	564193
4	7431943	8609995	1178052
4	8609996	10080076	1470080
4	10080077	10448827	368750
4	10448828	11392657	943829
4	11392658	11399979	7321
4	11399980	13540810	2140830
4	13540811	13619516	78705
4	13619517	15060186	1440669
4	15060187	15607857	547670
4	15607858	17510706	1902848
4	17510707	17889296	378589
4	17889297	20730175	2840878
4	20730176	20736665	6489
4	20736666	23793221	3056555
4	23793222	23799571	6349
4	23799572	24800595	1001023
4	24800596	25679840	879244
4	25679841	27020897	1341056
4	27020898	27029573	8675
4	27029574	30720671	3691097
4	30720672	30729920	9248
4	30729921	37440321	6710400
4	37440322	37449947	9625
4	37449948	38690048	1240100
4	38690049	38699960	9911
4	38699961	39300667	600706
4	39300668	39329421	28753
4	39329422	39870139	540717
4	39870140	40159708	289568
4	40159709	40810007	650298
4	40810008	40829873	19865
4	40829874	41680125	850251
4	41680126	42419328	739202
4	42419329	44680006	2260677
4	44680007	44709885	29878
4	44709886	46921113	2211227
4	46921114	46929939	8825
4	46929940	47570254	640314
4	47570255	48588909	1018654
4	48588910	52860155	4271245
4	52860156	52948834	88678
4	52948835	53460092	511257
4	53460093	53468566	8473
4	53468567	54340532	871965
4	54340533	54349735	9202
4	54349736	55130064	780328
4	55130065	56759880	1629815
4	56759881	57880113	1120232
4	57880114	57899984	19870
4	57899985	65140017	7240032
4	65140018	65148870	8852
4	65148871	66185041	1036170
4	66185042	66189928	4886
4	66189929	68480510	2290581
4	68480511	68499985	19474
4	68499986	69092183	592197
4	69092184	69199408	107224
4	69199409	70800128	1600719
4	70800129	71859966	1059837
4	71859967	72432362	572395
4	72432363	72438537	6174
4	72438538	73170068	731530
4	73170069	73189084	19015
4	73189085	73930364	741279
4	73930365	74369992	439627
4	74369993	75971032	1601039
4	75971033	75979719	8686
4	75979720	76570294	590574
4	76570295	77059807	489512
4	77059808	77700012	640204
4	77700013	78089906	389893
4	78089907	78631430	541523
4	78631431	78639634	8203
4	78639635	79200015	560380
4	79200016	79849757	649741
4	79849758	80820114	970356
4	80820115	81129964	309849
4	81129965	82361086	1231121
4	82361087	82379018	17931
4	82379019	83270944	891925
4	83270945	83849655	578710
4	83849656	84370067	520411
4	84370068	84379720	9652
4	84379721	85411957	1032236
4	85411958	85667189	255231
4	85667190	87680002	2012812
4	87680003	89018923	1338920
4	89018924	89570446	551522
4	89570447	89579934	9487
4	89579935	90160025	580090
4	90160026	90169946	9920
4	90169947	96070060	5900113
4	96070061	96089958	19897
4	96089959	98100091	2010132
4	98100092	98109896	9804
4	98109897	99790221	1680324
4	99790222	100578623	788401
4	100578624	103510718	2932094
4	103510719	103519514	8795
4	103519515	104060780	541265
4	104060781	104069762	8981
4	104069763	106150886	2081123
4	106150887	107159841	1008954
4	107159842	107840653	680811
4	107840654	107847839	7185
4	107847840	108830120	982280
4	108830121	109089673	259552
4	109089674	109670295	580621
4	109670296	109769942	99646
4	109769943	110631070	861127
4	110631071	110909998	278927
4	110909999	111430637	520638
4	111430638	111559551	128913
4	111559552	113340032	1780480
4	113340033	113509526	169493
4	113509527	114170706	661179
4	114170707	114828949	658242
4	114828950	119200043	4371093
4	119200044	119209384	9340
4	119209385	119950865	741480
4	119950866	120419853	468987
4	120419854	122250197	1830343
4	122250198	123269992	1019794
4	123269993	123813284	543291
4	123813285	123859621	46336
4	123859622	125590025	1730403
4	125590026	125599981	9955
4	125599982	128720012	3120030
4	128720013	128819933	99920
4	128819934	129780053	960119
4	129780054	129789364	9310
4	129789365	134070134	4280769
4	134070135	134077048	6913
4	134077049	141480554	7403505
4	141480555	141569385	88830
4	141569386	142150452	581066
4	142150453	142949864	799411
4	142949865	144130596	1180731
4	144130597	145039874	909277
4	145039875	145660039	620164
4	145660040	145668470	8430
4	145668471	146460860	792389
4	146460861	147179998	719137
4	147179999	148550589	1370590
4	148550590	148559898	9308
4	148559899	151500272	2940373
4	151500273	151509839	9566
4	151509840	153242364	1732524
4	153242365	154549210	1306845
4	154549211	155240705	691494
4	155240706	155529897	289191
4	155529898	156130104	600206
4	156130105	156839697	709592
4	156839698	158280956	1441258
4	158280957	158287622	6665
4	158287623	159090085	802462
4	159090086	159139734	49648
4	159139735	160260063	1120328
4	160260064	160279949	19885
4	160279950	164440360	4160410
4	164440361	164449966	9605
4	164449967	169190006	4740039
4	169190007	169849709	659702
4	169849710	170620754	771044
4	170620755	170989861	369106
4	170989862	174450079	3460217
4	174450080	174459685	9605
4	174459686	175410082	950396
4	175410083	175568761	158678
4	175568762	177100036	1531274
4	177100037	177109764	9727
4	177109765	178350747	1240982
4	178350748	178359978	9230
4	178359979	183710195	5350216
4	183710196	184948285	1238089
4	184948286	185681349	733063
4	185681350	Inf	Inf
5	-Inf	1469437	Inf
5	1469438	2750158	1280720
5	2750159	2759986	9827
5	2759987	5460433	2700446
5	5460434	5469323	8889
5	5469324	6600042	1130718
5	6600043	6759992	159949
5	6759993	7820279	1060286
5	7820280	7878759	58479
5	7878760	9030006	1151246
5	9030007	9039954	9947
5	9039955	10250045	1210090
5	10250046	10419374	169328
5	10419375	13860152	3440777
5	13860153	14719926	859773
5	14719927	16470415	1750488
5	16470416	16679993	209577
5	16679994	31320717	14640723
5	31320718	31559935	239217
5	31559936	32380007	820071
5	32380008	32789958	409950
5	32789959	33440623	650664
5	33440624	34009850	569226
5	34009851	34680096	670245
5	34680097	35069993	389896
5	35069994	35700014	630020
5	35700015	37189819	1489804
5	37189820	37810031	620211
5	37810032	37819110	9078
5	37819111	38400714	581603
5	38400715	39379851	979136
5	39379852	40760041	1380189
5	40760042	41159529	399487
5	41159530	41910984	751454
5	41910985	41929924	18939
5	41929925	43290114	1360189
5	43290115	43659817	369702
5	43659818	50120345	6460527
5	50120346	50129846	9500
5	50129847	50680232	550385
5	50680233	50689983	9750
5	50689984	52090086	1400102
5	52090087	52399970	309883
5	52399971	54460058	2060087
5	54460059	54529930	69871
5	54529931	55201503	671572
5	55201504	55209668	8164
5	55209669	56170757	961088
5	56170758	56219998	49240
5	56219999	57750135	1530136
5	57750136	58269876	519740
5	58269877	60820008	2550131
5	60820009	60839907	19898
5	60839908	61681136	841228
5	61681137	61689963	8826
5	61689964	63900161	2210197
5	63900162	63908245	8083
5	63908246	64860101	951855
5	64860102	65479693	619591
5	65479694	66440303	960609
5	66440304	66466200	25896
5	66466201	67590034	1123833
5	67590035	67597655	7620
5	67597656	68660296	1062640
5	68660297	68669939	9642
5	68669940	71490076	2820136
5	71490077	71529969	39892
5	71529970	72860253	1330283
5	72860254	73169342	309088
5	73169343	73930331	760988
5	73930332	74079460	149128
5	74079461	74640181	560720
5	74640182	74899638	259456
5	74899639	75620676	721037
5	75620677	75919478	298801
5	75919479	76640478	720999
5	76640479	76729650	89171
5	76729651	78070828	1341177
5	78070829	79749711	1678882
5	79749712	80521190	771478
5	80521191	80719287	198096
5	80719288	81570221	850933
5	81570222	81579158	8936
5	81579159	82830021	1250862
5	82830022	82939866	109844
5	82939867	86670075	3730208
5	86670076	86689994	19918
5	86689995	88011138	1321143
5	88011139	88018640	7501
5	88018641	89810076	1791435
5	89810077	90079999	269922
5	90080000	90661010	581010
5	90661011	90679306	18295
5	90679307	92921318	2242011
5	92921319	92929965	8646
5	92929966	94040700	1110734
5	94040701	94209308	168607
5	94209309	94850496	641187
5	94850497	94867482	16985
5	94867483	96071779	1204296
5	96071780	96369960	298180
5	96369961	98190800	1820839
5	98190801	98239809	49008
5	98239810	102360558	4120748
5	102360559	102888333	527774
5	102888334	106711498	3823164
5	106711499	106719741	8242
5	106719742	108520796	1801054
5	108520797	108529988	9191
5	108529989	110073588	1543599
5	110073589	110839147	765558
5	110839148	111491580	652432
5	111491581	111499952	8371
5	111499953	112170434	670481
5	112170435	112368300	197865
5	112368301	112920039	551738
5	112920040	112929962	9922
5	112929963	114460313	1530350
5	114460314	114469977	9663
5	114469978	115160689	690711
5	115160690	115818479	657789
5	115818480	118450017	2631537
5	118450018	118867225	417207
5	118867226	121400271	2533045
5	121400272	121789785	389513
5	121789786	122720234	930448
5	122720235	122729998	9763
5	122729999	123971393	1241394
5	123971394	123989346	17952
5	123989347	125800022	1810675
5	125800023	126149892	349869
5	126149893	126770095	620202
5	126770096	126889986	119890
5	126889987	127483086	593099
5	127483087	127648587	165500
5	127648588	130760039	3111451
5	130760040	130769528	9488
5	130769529	131280168	510639
5	131280169	132539871	1259702
5	132539872	133470572	930700
5	133470573	135399902	1929329
5	135399903	136310961	911058
5	136310962	136319667	8705
5	136319668	136952219	632551
5	136952220	139229723	2277503
5	139229724	139740006	510282
5	139740007	140189362	449355
5	140189363	140730059	540696
5	140730060	141699736	969676
5	141699737	142600019	900282
5	142600020	142609880	9860
5	142609881	143540019	930138
5	143540020	143549986	9966
5	143549987	145500083	1950096
5	145500084	145899340	399256
5	145899341	146760027	860686
5	146760028	147499891	739863
5	147499892	148382486	882594
5	148382487	151239783	2857296
5	151239784	153432325	2192541
5	153432326	154299841	867515
5	154299842	156180722	1880880
5	156180723	157248847	1068124
5	157248848	158630282	1381434
5	158630283	158749823	119540
5	158749824	159820320	1070496
5	159820321	160119938	299617
5	160119939	160713305	593366
5	160713306	161529808	816502
5	161529809	162860023	1330214
5	162860024	162949061	89037
5	162949062	167890792	4941730
5	167890793	168119934	229141
5	168119935	169020212	900277
5	169020213	169689962	669749
5	169689963	170720360	1030397
5	170720361	170739666	19305
5	170739667	171760283	1020616
5	171760284	172749961	989677
5	172749962	173370075	620113
5	173370076	173389463	19387
5	173389464	174930746	1541282
5	174930747	177039927	2109180
5	177039928	177540222	500294
5	177540223	Inf	Inf
6	-Inf	409961	Inf
6	409962	2890073	2480111
6	2890074	3269993	379919
6	3269994	7240498	3970504
6	7240499	7889894	649395
6	7889895	10400349	2510454
6	10400350	10629696	229346
6	10629697	11130785	501088
6	11130786	11579937	449151
6	11579938	12120089	540151
6	12120090	12299955	179865
6	12299956	13280640	980684
6	13280641	13289194	8553
6	13289195	15500998	2211803
6	15500999	15509872	8873
6	15509873	16140675	630802
6	16140676	16309960	169284
6	16309961	17770204	1460243
6	17770205	18469685	699480
6	18469686	21590103	3120417
6	21590104	21599112	9008
6	21599113	24422219	2823106
6	24422220	24849947	427727
6	24849948	25770007	920059
6	25770008	26509810	739802
6	26509811	27210178	700367
6	27210179	27219931	9752
6	27219932	28190714	970782
6	28190715	28479671	288956
6	28479672	29570152	1090480
6	29570153	33699792	4129639
6	33699793	34210039	510246
6	34210040	35449469	1239429
6	35449470	36070019	620549
6	36070020	37619853	1549833
6	37619854	38810042	1190188
6	38810043	39309966	499923
6	39309967	39830208	520241
6	39830209	39879902	49693
6	39879903	41030225	1150322
6	41030226	42239331	1209105
6	42239332	42830062	590730
6	42830063	43599932	769869
6	43599933	44100764	500831
6	44100765	44279892	179127
6	44279893	45510450	1230557
6	45510451	45519816	9365
6	45519817	46660003	1140186
6	46660004	46839869	179865
6	46839870	47680122	840252
6	47680123	47689810	9687
6	47689811	49420247	1730436
6	49420248	49429518	9270
6	49429519	51480218	2050699
6	51480219	52369512	889293
6	52369513	52960091	590578
6	52960092	53379405	419313
6	53379406	55921346	2541940
6	55921347	55929582	8235
6	55929583	56460014	530431
6	56460015	57019552	559537
6	57019553	64420310	7400757
6	64420311	64429963	9652
6	64429964	70850033	6420069
6	70850034	71569949	719915
6	71569950	72960020	1390070
6	72960021	72969854	9833
6	72969855	73900018	930163
6	73900019	74499991	599972
6	74499992	75790064	1290072
6	75790065	76628843	838778
6	76628844	78630669	2001825
6	78630670	78636679	6009
6	78636680	80710199	2073519
6	80710200	80718345	8145
6	80718346	82450035	1731689
6	82450036	83079972	629936
6	83079973	83830266	750293
6	83830267	83909715	79448
6	83909716	85442964	1533248
6	85442965	85449928	6963
6	85449929	86200004	750075
6	86200005	86206660	6655
6	86206661	87960121	1753460
6	87960122	88229971	269849
6	88229972	88850036	620064
6	88850037	89327045	477008
6	89327046	90320152	993106
6	90320153	90648273	328120
6	90648274	91223230	574956
6	91223231	91269959	46728
6	91269960	93950118	2680158
6	93950119	93956976	6857
6	93956977	97590095	3633118
6	97590096	97599894	9798
6	97599895	99279999	1680104
6	99280000	99289223	9223
6	99289224	99841761	552537
6	99841762	99999842	158080
6	99999843	100832816	832973
6	100832817	101099555	266738
6	101099556	105540636	4441080
6	105540637	105549320	8683
6	105549321	106551402	1002081
6	106551403	107019997	468594
6	107019998	108490392	1470394
6	108490393	108849793	359400
6	108849794	109760082	910288
6	109760083	109819954	59871
6	109819955	110420817	600862
6	110420818	110936902	516084
6	110936903	111680067	743164
6	111680068	111699116	19048
6	111699117	112380100	680983
6	112380101	112469738	89637
6	112469739	114250002	1780263
6	114250003	114267387	17384
6	114267388	116440129	2172741
6	116440130	117899998	1459868
6	117899999	118780134	880135
6	118780135	118788986	8851
6	118788987	123100026	4311039
6	123100027	123108516	8489
6	123108517	125400144	2291627
6	125400145	125409783	9638
6	125409784	126240091	830307
6	126240092	126249996	9904
6	126249997	127761587	1511590
6	127761588	127769924	8336
6	127769925	128290024	520099
6	128290025	128299382	9357
6	128299383	131190064	2890681
6	131190065	131208731	18666
6	131208732	131900059	691327
6	131900060	133079201	1179141
6	133079202	134210184	1130982
6	134210185	134499640	289455
6	134499641	135280352	780711
6	135280353	135819089	538736
6	135819090	136510090	691000
6	136510091	136667343	157252
6	136667344	137320027	652683
6	137320028	137329882	9854
6	137329883	138190477	860594
6	138190478	139569252	1378774
6	139569253	142720027	3150774
6	142720028	143098829	378801
6	143098830	144140318	1041488
6	144140319	144149900	9581
6	144149901	146120026	1970125
6	146120027	146758882	638855
6	146758883	147880663	1121780
6	147880664	147889949	9285
6	147889950	148861387	971437
6	148861388	148869910	8522
6	148869911	150720044	1850133
6	150720045	150728991	8946
6	150728992	151669999	941007
6	151670000	151678505	8505
6	151678506	152419999	741493
6	152420000	153298752	878752
6	153298753	154410445	1111692
6	154410446	154479892	69446
6	154479893	155570752	1090859
6	155570753	155579573	8820
6	155579574	157520010	1940436
6	157520011	157529849	9838
6	157529850	158090240	560390
6	158090241	159659971	1569730
6	159659972	160180717	520745
6	160180718	160669081	488363
6	160669082	161501577	832495
6	161501578	161559044	57466
6	161559045	163981172	2422127
6	163981173	163999687	18514
6	163999688	165741080	1741392
6	165741081	165749960	8879
6	165749961	166820717	1070756
6	166820718	166829985	9267
6	166829986	168290155	1460169
6	168290156	168469957	179801
6	168469958	169620047	1150089
6	169620048	Inf	Inf
7	-Inf	2979814	Inf
7	2979815	4790061	1810246
7	4790062	5419800	629738
7	5419801	6060268	640467
7	6060269	6739813	679544
7	6739814	8120470	1380656
7	8120471	8269718	149247
7	8269719	11414251	3144532
7	11414252	11419571	5319
7	11419572	12270058	850486
7	12270059	12419609	149550
7	12419610	13930013	1510403
7	13930014	14029977	99963
7	14029978	16640057	2610079
7	16640058	16839802	199744
7	16839803	17370069	530266
7	17370070	17839137	469067
7	17839138	19730315	1891177
7	19730316	20689970	959654
7	20689971	21650803	960832
7	21650804	21949901	299097
7	21949902	22761201	811299
7	22761202	22989984	228782
7	22989985	24740412	1750427
7	24740413	24749921	9508
7	24749922	26230171	1480249
7	26230172	26239993	9821
7	26239994	27130564	890570
7	27130565	27289711	159146
7	27289712	28860061	1570349
7	28860062	28868093	8031
7	28868094	29920594	1052500
7	29920595	31149754	1229159
7	31149755	31690369	540614
7	31690370	31829960	139590
7	31829961	32520277	690316
7	32520278	32629932	109654
7	32629933	35670018	3040085
7	35670019	35679665	9646
7	35679666	36459999	780333
7	36460000	36468157	8157
7	36468158	37250468	782310
7	37250469	37258594	8125
7	37258595	38460323	1201728
7	38460324	38768653	308329
7	38768654	39500195	731541
7	39500196	39509015	8819
7	39509016	40130059	621043
7	40130060	40136824	6764
7	40136825	41720414	1583589
7	41720415	42007818	287403
7	42007819	42970532	962713
7	42970533	42979947	9414
7	42979948	43680101	700153
7	43680102	45149975	1469873
7	45149976	45750168	600192
7	45750169	45959801	209632
7	45959802	47840017	1880215
7	47840018	48419553	579535
7	48419554	50511282	2091728
7	50511283	51098988	587705
7	51098989	54610213	3511224
7	54610214	54619723	9509
7	54619724	55220173	600449
7	55220174	55499866	279692
7	55499867	56140387	640520
7	56140388	56149968	9580
7	56149969	63980180	7830211
7	63980181	63989912	9731
7	63989913	65550008	1560095
7	65550009	65559240	9231
7	65559241	66101205	541964
7	66101206	66109316	8110
7	66109317	70230013	4120696
7	70230014	70259700	29686
7	70259701	71240180	980479
7	71240181	71249948	9767
7	71249949	73110347	1860398
7	73110348	73938739	828391
7	73938740	75180010	1241270
7	75180011	76029999	849988
7	76030000	76820049	790049
7	76820050	76959908	139858
7	76959909	80300080	3340171
7	80300081	80439972	139891
7	80439973	81330011	890038
7	81330012	81599957	269945
7	81599958	82580260	980302
7	82580261	83037957	457696
7	83037958	84623706	1585748
7	84623707	84629351	5644
7	84629352	86540108	1910756
7	86540109	87909759	1369650
7	87909760	88960542	1050782
7	88960543	88966456	5913
7	88966457	89861533	895076
7	89861534	90049143	187609
7	90049144	90892292	843148
7	90892293	90899051	6758
7	90899052	91500058	601006
7	91500059	92989918	1489859
7	92989919	94030621	1040702
7	94030622	94299115	268493
7	94299116	94910024	610908
7	94910025	95669653	759628
7	95669654	97830018	2160364
7	97830019	97869973	39954
7	97869974	98460401	590427
7	98460402	100889924	2429522
7	100889925	101840084	950159
7	101840085	102109935	269850
7	102109936	102940008	830072
7	102940009	103139303	199294
7	103139304	104710742	1571438
7	104710743	105669393	958650
7	105669394	106840477	1171083
7	106840478	108219502	1379024
7	108219503	111370261	3150758
7	111370262	111379907	9645
7	111379908	112720088	1340180
7	112720089	112729182	9093
7	112729183	114291865	1562682
7	114291866	114659934	368068
7	114659935	115570873	910938
7	115570874	115579872	8998
7	115579873	116410092	830219
7	116410093	116778913	368820
7	116778914	117300311	521397
7	117300312	117309974	9662
7	117309975	120380411	3070436
7	120380412	120609662	229250
7	120609663	121650221	1040558
7	121650222	121699960	49738
7	121699961	124461638	2761677
7	124461639	124469379	7740
7	124469380	127010111	2540731
7	127010112	129129889	2119777
7	129129890	129770203	640313
7	129770204	130298682	528478
7	130298683	131170018	871335
7	131170019	131179842	9823
7	131179843	131810164	630321
7	131810165	131919977	109812
7	131919978	133970443	2050465
7	133970444	133979947	9503
7	133979948	134850052	870104
7	134850053	135419655	569602
7	135419656	136700037	1280381
7	136700038	136709989	9951
7	136709990	137560031	850041
7	137560032	137569938	9906
7	137569939	138260146	690207
7	138260147	138279584	19437
7	138279585	138850324	570739
7	138850325	139829987	979662
7	139829988	140420104	590116
7	140420105	140429604	9499
7	140429605	141170086	740481
7	141170087	141889587	719500
7	141889588	142560029	670441
7	142560030	143099525	539495
7	143099526	144091809	992283
7	144091810	144099815	8005
7	144099816	148110015	4010199
7	148110016	151138704	3028688
7	151138705	151800006	661301
7	151800007	151879860	79853
7	151879861	154731000	2851139
7	154731001	155599984	868983
7	155599985	156430313	830328
7	156430314	156759841	329527
7	156759842	158430385	1670543
7	158430386	Inf	Inf
8	-Inf	199270	Inf
8	199271	1650064	1450793
8	1650065	2029742	379677
8	2029743	8860009	6830266
8	8860010	8999493	139483
8	8999494	9630015	630521
8	9630016	9639932	9916
8	9639933	10381247	741314
8	10381248	10589660	208412
8	10589661	11170012	580351
8	11170013	11709998	539985
8	11709999	12880034	1170035
8	12880035	12959887	79852
8	12959888	17071720	4111832
8	17071721	18389845	1318124
8	18389846	19670022	1280176
8	19670023	20109987	439964
8	20109988	21830035	1720047
8	21830036	25279673	3449637
8	25279674	27091387	1811713
8	27091388	27637758	546370
8	27637759	28200326	562567
8	28200327	29209387	1009060
8	29209388	29920368	710980
8	29920369	30708910	788541
8	30708911	32610015	1901104
8	32610016	32618730	8714
8	32618731	33350158	731427
8	33350159	33359837	9678
8	33359838	35650158	2290320
8	35650159	35659617	9458
8	35659618	36660571	1000953
8	36660572	36698985	38413
8	36698986	37553028	854042
8	37553029	38879340	1326311
8	38879341	39770260	890919
8	39770261	39779989	9728
8	39779990	41390066	1610076
8	41390067	42179976	789909
8	42179977	42880009	700032
8	42880010	43059564	179554
8	43059565	48640133	5580568
8	48640134	48889867	249733
8	48889868	49640533	750665
8	49640534	49648217	7683
8	49648218	52320427	2672209
8	52320428	52329718	9290
8	52329719	53020939	691220
8	53020940	53079833	58893
8	53079834	55530212	2450378
8	55530213	55539974	9761
8	55539975	56361856	821881
8	56361857	56369997	8140
8	56369998	57073777	703779
8	57073778	57359694	285916
8	57359695	57870202	510507
8	57870203	57879931	9728
8	57879932	59490534	1610602
8	59490535	59499922	9387
8	59499923	61530673	2030750
8	61530674	61779936	249262
8	61779937	62411776	631839
8	62411777	62419630	7853
8	62419631	65490321	3070690
8	65490322	65499563	9241
8	65499564	66630205	1130641
8	66630206	66639844	9638
8	66639845	67351363	711518
8	67351364	68119016	767652
8	68119017	69010656	891639
8	69010657	69149400	138743
8	69149401	72932100	3782699
8	72932101	72938359	6258
8	72938360	74200030	1261670
8	74200031	74709145	509114
8	74709146	75271973	562827
8	75271974	75929862	657888
8	75929863	76470579	540716
8	76470580	76479169	8589
8	76479170	77761148	1281978
8	77761149	77898612	137463
8	77898613	81430686	3532073
8	81430687	81559914	129227
8	81559915	82350816	790901
8	82350817	82359696	8879
8	82359697	86239999	3880302
8	86240000	86389740	149740
8	86389741	87480004	1090263
8	87480005	87489551	9546
8	87489552	89042371	1552819
8	89042372	89059641	17269
8	89059642	90930023	1870381
8	90930024	91079583	149559
8	91079584	91960505	880921
8	91960506	92409912	449406
8	92409913	94740300	2330387
8	94740301	95897955	1157654
8	95897956	97340415	1442459
8	97340416	97349221	8805
8	97349222	98281585	932363
8	98281586	98289986	8400
8	98289987	99140083	850096
8	99140084	99449543	309459
8	99449544	99960275	510731
8	99960276	99968958	8682
8	99968959	100880265	911306
8	100880266	101279897	399631
8	101279898	103280582	2000684
8	103280583	103849746	569163
8	103849747	104410419	560672
8	104410420	104419734	9314
8	104419735	105260125	840390
8	105260126	105269578	9452
8	105269579	106810683	1541104
8	106810684	106819064	8380
8	106819065	110350707	3531642
8	110350708	110989224	638516
8	110989225	116420719	5431494
8	116420720	116428099	7379
8	116428100	117860025	1431925
8	117860026	117869957	9931
8	117869958	118810053	940095
8	118810054	118819944	9890
8	118819945	120590146	1770201
8	120590147	121229302	639155
8	121229303	122620029	1390726
8	122620030	122629457	9427
8	122629458	124030526	1401068
8	124030527	126449968	2419441
8	126449969	127560078	1110109
8	127560079	127569939	9860
8	127569940	130760399	3190459
8	130760400	130769955	9555
8	130769956	132990951	2220995
8	132990952	133139945	148993
8	133139946	133820082	680136
8	133820083	134479107	659024
8	134479108	135610751	1131643
8	135610752	135619956	9204
8	135619957	139600047	3980090
8	139600048	139739436	139388
8	139739437	141520571	1781134
8	141520572	141569855	49283
8	141569856	142200049	630193
8	142200050	142489981	289931
8	142489982	143560300	1070318
8	143560301	143859682	299381
8	143859683	144371099	511416
8	144371100	Inf	Inf
9	-Inf	1059959	Inf
9	1059960	2080163	1020203
9	2080164	2088816	8652
9	2088817	2640020	551203
9	2640021	3229105	589084
9	3229106	3821150	592044
9	3821151	3829793	8642
9	3829794	4580671	750877
9	4580672	4669839	89167
9	4669840	5460909	791069
9	5460910	6258932	798022
9	6258933	8310400	2051467
9	8310401	8529058	218657
9	8529059	13103208	4574149
9	13103209	13129649	26440
9	13129650	14081508	951858
9	14081509	14089992	8483
9	14089993	14611358	521365
9	14611359	14779894	168535
9	14779895	15460001	680106
9	15460002	15729907	269905
9	15729908	16410004	680096
9	16410005	16439906	29901
9	16439907	18904985	2465078
9	18904986	18909999	5013
9	18910000	20341541	1431541
9	20341542	20346912	5370
9	20346913	21330018	983105
9	21330019	21338516	8497
9	21338517	22002819	664302
9	22002820	22009628	6808
9	22009629	27200843	5191214
9	27200844	27568513	367669
9	27568514	32420573	4852059
9	32420574	32787633	367059
9	32787634	33460479	672845
9	33460480	36839980	3379500
9	36839981	37420605	580624
9	37420606	37769944	349338
9	37769945	71391079	33621134
9	71391080	72339090	948010
9	72339091	72961327	622236
9	72961328	72969898	8570
9	72969899	74310266	1340367
9	74310267	74349977	39710
9	74349978	74860139	510161
9	74860140	74868613	8473
9	74868614	75780054	911440
9	75780055	75788477	8422
9	75788478	77352024	1563546
9	77352025	77419865	67840
9	77419866	79000395	1580529
9	79000396	79328878	328482
9	79328879	79930015	601136
9	79930016	80039428	109412
9	80039429	80880100	840671
9	80880101	80889948	9847
9	80889949	82320565	1430616
9	82320566	82329832	9266
9	82329833	86270147	3940314
9	86270148	86279814	9666
9	86279815	86890210	610395
9	86890211	86909550	19339
9	86909551	87422166	512615
9	87422167	87489848	67681
9	87489849	88200132	710283
9	88200133	88969383	769250
9	88969384	90250307	1280923
9	90250308	90589859	339551
9	90589860	91601339	1011479
9	91601340	92009626	408286
9	92009627	93370007	1360380
9	93370008	93379591	9583
9	93379592	94480333	1100741
9	94480334	94489964	9630
9	94489965	95000038	510073
9	95000039	96329597	1329558
9	96329598	97840319	1510721
9	97840320	98248387	408067
9	98248388	100050062	1801674
9	100050063	101918000	1867937
9	101918001	102741296	823295
9	102741297	103066206	324909
9	103066207	104180839	1114632
9	104180840	104359889	179049
9	104359890	106870023	2510133
9	106870024	106879840	9816
9	106879841	107541733	661892
9	107541734	107589710	47976
9	107589711	108120505	530794
9	108120506	108319995	199489
9	108319996	109680435	1360439
9	109680436	109698299	17863
9	109698300	111640069	1941769
9	111640070	112149726	509656
9	112149727	112930531	780804
9	112930532	113199986	269454
9	113199987	114130852	930865
9	114130853	114188834	57981
9	114188835	114691408	502573
9	114691409	117849941	3158532
9	117849942	119160149	1310207
9	119160150	119164536	4386
9	119164537	120470451	1305914
9	120470452	120479670	9218
9	120479671	123580004	3100333
9	123580005	126219967	2639962
9	126219968	127110010	890042
9	127110011	128129941	1019930
9	128129942	128721802	591860
9	128721803	128729977	8174
9	128729978	129260026	530048
9	129260027	134459840	5199813
9	134459841	135110414	650573
9	135110415	136919029	1808614
9	136919030	137650000	730970
9	137650001	137809922	159921
9	137809923	138390206	580283
9	138390207	Inf	Inf
10	-Inf	1089968	Inf
10	1089969	3140460	2050491
10	3140461	3209518	69057
10	3209519	3820113	610594
10	3820114	3828308	8194
10	3828309	4870441	1042132
10	4870442	4889974	19532
10	4889975	5490989	601014
10	5490990	6278924	787934
10	6278925	7200001	921076
10	7200002	7219116	19114
10	7219117	8050633	831516
10	8050634	8059669	9035
10	8059670	11360013	3300343
10	11360014	11379957	19943
10	11379958	12200081	820123
10	12200082	12209944	9862
10	12209945	13160211	950266
10	13160212	13699875	539663
10	13699876	14879999	1180123
10	14880000	15559659	679659
10	15559660	16940253	1380593
10	16940254	17279816	339562
10	17279817	18821339	1541522
10	18821340	18969994	148654
10	18969995	21070188	2100193
10	21070189	21108902	38713
10	21108903	21781360	672457
10	21781361	22029313	247952
10	22029314	22610534	581220
10	22610535	23299876	689341
10	23299877	24830230	1530353
10	24830231	25316583	486352
10	25316584	25880063	563479
10	25880064	25889980	9916
10	25889981	26500573	610592
10	26500574	26508451	7877
10	26508452	27440516	932064
10	27440517	28348993	908476
10	28348994	28900038	551044
10	28900039	28909850	9811
10	28909851	29810265	900414
10	29810266	30307382	497116
10	30307383	31132151	824768
10	31132152	31139548	7396
10	31139549	31810006	670457
10	31810007	32099800	289793
10	32099801	33210402	1110601
10	33210403	33219274	8871
10	33219275	43600113	10380838
10	43600114	43699940	99826
10	43699941	44860012	1160071
10	44860013	44879814	19801
10	44879815	45470737	590922
10	45470738	45959893	489155
10	45959894	46960083	1000189
10	46960084	46969990	9906
10	46969991	48380551	1410560
10	48380552	48389954	9402
10	48389955	49440100	1050145
10	49440101	50959983	1519882
10	50959984	53452180	2492196
10	53452181	53459551	7370
10	53459552	54040396	580844
10	54040397	54529325	488928
10	54529326	55560300	1030974
10	55560301	55588479	28178
10	55588480	60120436	4531956
10	60120437	60159750	39313
10	60159751	61830104	1670353
10	61830105	61849980	19875
10	61849981	62630074	780093
10	62630075	62637918	7843
10	62637919	63850048	1212129
10	63850049	63959851	109802
10	63959852	64570653	610801
10	64570654	64979952	409298
10	64979953	70040661	5060708
10	70040662	71029879	989217
10	71029880	71680107	650227
10	71680108	74099979	2419871
10	74099980	74890316	790336
10	74890317	75889903	999586
10	75889904	76780041	890137
10	76780042	77169403	389361
10	77169404	78640442	1471038
10	78640443	78649930	9487
10	78649931	79550006	900075
10	79550007	79789462	239455
10	79789463	81050330	1260867
10	81050331	81149053	98722
10	81149054	81910540	761486
10	81910541	82279960	369419
10	82279961	85900729	3620768
10	85900730	86279628	378898
10	86279629	88410097	2130468
10	88410098	88429830	19732
10	88429831	89260939	831108
10	89260940	89519713	258773
10	89519714	90340123	820409
10	90340124	91199662	859538
10	91199663	92671197	1471534
10	92671198	92679987	8789
10	92679988	93600073	920085
10	93600074	93749504	149430
10	93749505	94450011	700506
10	94450012	95429976	979964
10	95429977	96091902	661925
10	96091903	96099933	8030
10	96099934	96823347	723413
10	96823348	98129999	1306651
10	98130000	98710793	580793
10	98710794	100189995	1479201
10	100189996	101150043	960047
10	101150044	105949711	4799667
10	105949712	108330130	2380418
10	108330131	108439816	109685
10	108439817	111630006	3190189
10	111630007	112659992	1029985
10	112659993	113910014	1250021
10	113910015	114209703	299688
10	114209704	114910618	700914
10	114910619	116199793	1289174
10	116199794	116730084	530290
10	116730085	116739988	9903
10	116739989	117702794	962805
10	117702795	117709821	7026
10	117709822	118350353	640531
10	118350354	121679334	3328980
10	121679335	122640030	960695
10	122640031	122669372	29341
10	122669373	123270116	600743
10	123270117	123279949	9832
10	123279950	123841780	561830
10	123841781	124929835	1088054
10	124929836	126300604	1370768
10	126300605	126679113	378508
10	126679114	127430046	750932
10	127430047	127738493	308446
10	127738494	129532250	1793756
10	129532251	129918431	386180
10	129918432	131630270	1711838
10	131630271	131639455	9184
10	131639456	133950240	2310784
10	133950241	134019793	69552
10	134019794	134590069	570275
10	134590070	Inf	Inf
11	-Inf	2439999	Inf
11	2440000	2970437	530437
11	2970438	4629759	1659321
11	4629760	5530025	900265
11	5530026	5539067	9041
11	5539068	6230033	690965
11	6230034	7069832	839798
11	7069833	7650239	580406
11	7650240	8129933	479693
11	8129934	8630206	500272
11	8630207	9879908	1249701
11	9879909	10520035	640126
11	10520036	10879823	359787
11	10879824	11970001	1090177
11	11970002	13749999	1779997
11	13750000	14280410	530410
11	14280411	14289946	9535
11	14289947	15260312	970365
11	15260313	15269640	9327
11	15269641	15990063	720422
11	15990064	15997953	7889
11	15997954	16800099	802145
11	16800100	16817874	17774
11	16817875	17390219	572344
11	17390220	19259896	1869676
11	19259897	20070097	810200
11	20070098	20119571	49473
11	20119572	20620919	501347
11	20620920	20679911	58991
11	20679912	22840653	2160741
11	22840654	22849593	8939
11	22849594	26580661	3731067
11	26580662	26699692	119030
11	26699693	27380502	680809
11	27380503	27408964	28461
11	27408965	30030189	2621224
11	30030190	30439912	409722
11	30439913	31801316	1361403
11	31801317	31839702	38385
11	31839703	32622044	782341
11	32622045	34478667	1856622
11	34478668	35220090	741422
11	35220091	35459960	239869
11	35459961	36290177	830216
11	36290178	36619829	329651
11	36619830	43421384	6801554
11	43421385	44289886	868501
11	44289887	44950051	660164
11	44950052	47619958	2669906
11	47619959	56950015	9330056
11	56950016	57579273	629257
11	57579274	58380008	800734
11	58380009	58389998	9989
11	58389999	58910101	520102
11	58910102	67929801	9019699
11	67929802	68500583	570781
11	68500584	68859979	359395
11	68859980	69460112	600132
11	69460113	69489978	29865
11	69489979	70170014	680035
11	70170015	70349966	179951
11	70349967	71140021	790054
11	71140022	75319782	4179760
11	75319783	76250265	930482
11	76250266	77379099	1128833
11	77379100	77910081	530981
11	77910082	78369993	459911
11	78369994	82680131	4310137
11	82680132	82898402	218270
11	82898403	85340008	2441605
11	85340009	85439256	99247
11	85439257	86660026	1220769
11	86660027	86669050	9023
11	86669051	89940016	3270965
11	89940017	89949955	9938
11	89949956	92530428	2580472
11	92530429	92629599	99170
11	92629600	93430030	800430
11	93430031	94919855	1489824
11	94919856	95560694	640838
11	95560695	96129172	568477
11	96129173	100221283	4092110
11	100221284	100229558	8274
11	100229559	100900308	670749
11	100900309	100909991	9682
11	100909992	102192453	1282461
11	102192454	103159096	966642
11	103159097	104760025	1600928
11	104760026	104769543	9517
11	104769544	105920674	1151130
11	105920675	105929928	9253
11	105929929	108121168	2191239
11	108121169	108389449	268280
11	108389450	109291036	901586
11	109291037	109299978	8941
11	109299979	110030206	730227
11	110030207	110039806	9599
11	110039807	111151772	1111965
11	111151773	112047290	895517
11	112047291	113070131	1022840
11	113070132	114318742	1248610
11	114318743	115040115	721372
11	115040116	115049810	9694
11	115049811	116650183	1600372
11	116650184	119299832	2649648
11	119299833	119980117	680284
11	119980118	121509036	1528918
11	121509037	122680022	1170985
11	122680023	122689058	9035
11	122689059	123470134	781075
11	123470135	124959658	1489523
11	124959659	125470193	510534
11	125470194	126319975	849781
11	126319976	128350045	2030069
11	128350046	128848961	498915
11	128848962	129720024	871062
11	129720025	130589248	869223
11	130589249	132280002	1690753
11	132280003	132289908	9905
11	132289909	133710479	1420570
11	133710480	Inf	Inf
12	-Inf	1019965	Inf
12	1019966	1600056	580090
12	1600057	1999440	399383
12	1999441	2690167	690726
12	2690168	3399899	709731
12	3399900	4410240	1010340
12	4410241	5029990	619749
12	5029991	6420005	1390014
12	6420006	7659036	1239030
12	7659037	8200255	541218
12	8200256	8209198	8942
12	8209199	8750091	540892
12	8750092	9349735	599643
12	9349736	10131208	781472
12	10131209	10229663	98454
12	10229664	10780072	550408
12	10780073	10789855	9782
12	10789856	12270149	1480293
12	12270150	12339949	69799
12	12339950	12870044	530094
12	12870045	13529636	659591
12	13529637	14770029	1240392
12	14770030	14979918	209888
12	14979919	15740199	760280
12	15740200	15819974	79774
12	15819975	20831602	5011627
12	20831603	20837486	5883
12	20837487	21660088	822601
12	21660089	21959969	299880
12	21959970	22621067	661097
12	22621068	22679546	58478
12	22679547	23681116	1001569
12	23681117	23689858	8741
12	23689859	24960951	1271092
12	24960952	25269581	308629
12	25269582	26220379	950797
12	26220380	26279804	59424
12	26279805	27130328	850523
12	27130329	27959707	829378
12	27959708	29490122	1530414
12	29490123	29659992	169869
12	29659993	30780953	1120960
12	30780954	31149717	368763
12	31149718	32130738	981020
12	32130739	32899996	769257
12	32899997	39720093	6820096
12	39720094	40159129	439035
12	40159130	40690201	531071
12	40690202	40959746	269544
12	40959747	42470064	1510317
12	42470065	42869738	399673
12	42869739	43820487	950748
12	43820488	43829487	8999
12	43829488	46240041	2410553
12	46240042	46769991	529949
12	46769992	48100044	1330052
12	48100045	50529971	2429926
12	50529972	51121214	591242
12	51121215	55029239	3908024
12	55029240	56070482	1041242
12	56070483	58209921	2139438
12	58209922	59270006	1060084
12	59270007	59289618	19611
12	59289619	64580197	5290578
12	64580198	65279472	699274
12	65279473	66340007	1060534
12	66340008	66709159	369151
12	66709160	67690918	981758
12	67690919	68059479	368560
12	68059480	69080322	1020842
12	69080323	70219796	1139473
12	70219797	70723143	503346
12	70723144	70939610	216466
12	70939611	71971215	1031604
12	71971216	72319999	348783
12	72320000	73050467	730467
12	73050468	73059655	9187
12	73059656	74930800	1871144
12	74930801	75898932	968131
12	75898933	76420005	521072
12	76420006	77428909	1008903
12	77428910	78510312	1081402
12	78510313	78518323	8010
12	78518324	80760031	2241707
12	80760032	80766867	6835
12	80766868	81650094	883226
12	81650095	81769853	119758
12	81769854	85270036	3500182
12	85270037	85439997	169960
12	85439998	88380093	2940095
12	88380094	88479948	99854
12	88479949	89740671	1260722
12	89740672	89919967	179295
12	89919968	91340004	1420036
12	91340005	91579661	239656
12	91579662	92811421	1231759
12	92811422	93179159	367737
12	93179160	93960227	781067
12	93960228	93969931	9703
12	93969932	94690646	720714
12	94690647	94968307	277660
12	94968308	95470450	502142
12	95470451	95479922	9471
12	95479923	96380045	900122
12	96380046	96679903	299857
12	96679904	98920036	2240132
12	98920037	98929543	9506
12	98929544	101760120	2830576
12	101760121	102159999	399878
12	102160000	102790111	630111
12	102790112	103249990	459878
12	103249991	104040051	790060
12	104040052	105569977	1529925
12	105569978	107360329	1790351
12	107360330	107369269	8939
12	107369270	108131180	761910
12	108131181	108139999	8818
12	108140000	108680127	540127
12	108680128	112699989	4019861
12	112699990	113310062	610072
12	113310063	114399999	1089936
12	114400000	115110150	710150
12	115110151	115119037	8886
12	115119038	116400344	1281306
12	116400345	116447208	46863
12	116447209	117150893	703684
12	117150894	118509976	1359082
12	118509977	119590880	1080903
12	119590881	119599818	8937
12	119599819	120110111	510292
12	120110112	124839945	4729833
12	124839946	125430118	590172
12	125430119	125609973	179854
12	125609974	126140062	530088
12	126140063	126147422	7359
12	126147423	130830121	4682698
12	130830122	130929999	99877
12	130930000	131620203	690203
12	131620204	131628673	8469
12	131628674	132390141	761467
12	132390142	Inf	Inf
13	-Inf	20719960	Inf
13	20719961	21353203	633242
13	21353204	21376268	23064
13	21376269	23900844	2524575
13	23900845	24249957	349112
13	24249958	24860239	610281
13	24860240	26599955	1739715
13	26599956	27250052	650096
13	27250053	27259976	9923
13	27259977	28540247	1280270
13	28540248	29009986	469738
13	29009987	30080156	1070169
13	30080157	30099382	19225
13	30099383	31710019	1610636
13	31710020	31729967	19947
13	31729968	32720032	990064
13	32720033	32979915	259882
13	32979916	33632684	652768
13	33632685	33688647	55962
13	33688648	35730030	2041382
13	35730031	35739496	9465
13	35739497	36240025	500528
13	36240026	37019756	779730
13	37019757	37580022	560265
13	37580023	37599724	19701
13	37599725	38151620	551895
13	38151621	38159967	8346
13	38159968	39260832	1100864
13	39260833	39618536	357703
13	39618537	41129999	1511462
13	41130000	41139733	9733
13	41139734	42261046	1121312
13	42261047	42269504	8457
13	42269505	42780010	510505
13	42780011	43469583	689572
13	43469584	44450669	981085
13	44450670	44469977	19307
13	44469978	46530280	2060302
13	46530281	46729534	199253
13	46729535	47350045	620510
13	47350046	47358691	8645
13	47358692	49050660	1691968
13	49050661	49058822	8161
13	49058823	49770505	711682
13	49770506	50209294	438788
13	50209295	51590027	1380732
13	51590028	51599643	9615
13	51599644	52330195	730551
13	52330196	52989863	659667
13	52989864	61981126	8991262
13	61981127	61989965	8838
13	61989966	73330021	11340055
13	73330022	73357976	27954
13	73357977	74260028	902051
13	74260029	74269827	9798
13	74269828	75860034	1590206
13	75860035	75869315	9280
13	75869316	76370053	500737
13	76370054	76419608	49554
13	76419609	77451080	1031471
13	77451081	77759918	308837
13	77759919	78470076	710157
13	78470077	78478442	8365
13	78478443	79170530	692087
13	79170531	79179626	9095
13	79179627	79940064	760437
13	79940065	80129822	189757
13	80129823	84450902	4321079
13	84450903	84459545	8642
13	84459546	95050221	10590675
13	95050222	95288375	238153
13	95288376	96230159	941783
13	96230160	96419688	189528
13	96419689	98660371	2240682
13	98660372	99539298	878926
13	99539299	100190042	650743
13	100190043	100199445	9402
13	100199446	101760013	1560567
13	101760014	101769546	9532
13	101769547	102371927	602380
13	102371928	102379295	7367
13	102379296	103280072	900776
13	103280073	103529562	249489
13	103529563	107140606	3611043
13	107140607	107148416	7809
13	107148417	108860054	1711637
13	108860055	108889604	29549
13	108889605	110430411	1540806
13	110430412	111368500	938088
13	111368501	111940252	571751
13	111940253	111948747	8494
13	111948748	113470053	1521305
13	113470054	Inf	Inf
14	-Inf	20948706	Inf
14	20948707	21460001	511294
14	21460002	21999844	539842
14	21999845	22930021	930176
14	22930022	24979960	2049938
14	24979961	31341942	6361981
14	31341943	31819982	478039
14	31819983	33290006	1470023
14	33290007	33299943	9936
14	33299944	34391887	1091943
14	34391888	34398849	6961
14	34398850	35590783	1191933
14	35590784	35599947	9163
14	35599948	36330155	730207
14	36330156	37149987	819831
14	37149988	38011393	861405
14	38011394	38019750	8356
14	38019751	39641223	1621472
14	39641224	39649981	8757
14	39649982	45370039	5720057
14	45370040	45609983	239943
14	45609984	50190417	4580433
14	50190418	51449975	1259557
14	51449976	52190033	740057
14	52190034	52479571	289537
14	52479572	53100126	620554
14	53100127	53348749	248622
14	53348750	54880215	1531465
14	54880216	56149955	1269739
14	56149956	56760020	610064
14	56760021	57117445	357424
14	57117446	58030233	912787
14	58030234	58039734	9500
14	58039735	59830171	1790436
14	59830172	60078861	248689
14	60078862	60580285	501423
14	60580286	61919901	1339615
14	61919902	62541644	621742
14	62541645	62549004	7359
14	62549005	64460984	1911979
14	64460985	65479671	1018686
14	65479672	67840394	2360722
14	67840395	68269202	428807
14	68269203	69250426	981223
14	69250427	70519150	1268723
14	70519151	71190128	670977
14	71190129	71579946	389817
14	71579947	72199999	620052
14	72200000	72209505	9505
14	72209506	73001800	792294
14	73001801	75579889	2578088
14	75579890	76100000	520110
14	76100001	76679875	579874
14	76679876	77240017	560141
14	77240018	78399987	1159969
14	78399988	80662456	2262468
14	80662457	80669941	7484
14	80669942	81640934	970992
14	81640935	81959036	318101
14	81959037	86090087	4131050
14	86090088	86099597	9509
14	86099598	88450336	2350738
14	88450337	89089239	638902
14	89089240	90430130	1340890
14	90430131	90879980	449849
14	90879981	91770006	890025
14	91770007	91809870	39863
14	91809871	92950023	1140152
14	92950024	95689996	2739972
14	95689997	96550181	860184
14	96550182	96799849	249667
14	96799850	99630154	2830304
14	99630155	Inf	Inf
15	-Inf	23049618	Inf
15	23049619	24920042	1870423
15	24920043	25969509	1049466
15	25969510	27770646	1801136
15	27770647	27779333	8686
15	27779334	28510459	731125
15	28510460	28519853	9393
15	28519854	29410033	890179
15	29410034	29419116	9082
15	29419117	30000080	580963
15	30000081	30009508	9427
15	30009509	31210209	1200700
15	31210210	31669940	459730
15	31669941	33060039	1390098
15	33060040	35089376	2029336
15	35089377	37180026	2090649
15	37180027	37189923	9896
15	37189924	38230097	1040173
15	38230098	38808865	578767
15	38808866	39870676	1061810
15	39870677	44169834	4299157
15	44169835	44850048	680213
15	44850049	45779906	929857
15	45779907	48050361	2270454
15	48050362	49309727	1259365
15	49309728	50540341	1230613
15	50540342	50839018	298676
15	50839019	51500281	661262
15	51500282	52609498	1109216
15	52609499	53990640	1381141
15	53990641	54009074	18433
15	54009075	55831062	1821987
15	55831063	56999779	1168716
15	56999780	57830146	830366
15	57830147	58259939	429792
15	58259940	58830511	570571
15	58830512	59389711	559199
15	59389712	60740009	1350297
15	60740010	60789844	49834
15	60789845	62140188	1350343
15	62140189	62259934	119745
15	62259935	62930173	670238
15	62930174	64459839	1529665
15	64459840	64970129	510289
15	64970130	66209368	1239238
15	66209369	66781152	571783
15	66781153	66859589	78436
15	66859590	67480040	620450
15	67480041	67489917	9876
15	67489918	68110001	620083
15	68110002	68619899	509897
15	68619900	69320371	700471
15	69320372	69739908	419536
15	69739909	70340020	600111
15	70340021	70359978	19957
15	70359979	71120442	760463
15	71120443	71199621	79178
15	71199622	72070004	870382
15	72070005	73029971	959966
15	73029972	73590525	560553
15	73590526	75958768	2368242
15	75958769	77320020	1361251
15	77320021	77779980	459959
15	77779981	78390223	610242
15	78390224	79767205	1376981
15	79767206	80460126	692920
15	80460127	81639606	1179479
15	81639607	82330862	691255
15	82330863	82339907	9044
15	82339908	83330385	990477
15	83330386	83939887	609501
15	83939888	84700041	760153
15	84700042	84709472	9430
15	84709473	85340199	630726
15	85340200	86289958	949758
15	86289959	86800006	510047
15	86800007	86809988	9981
15	86809989	88400247	1590258
15	88400248	88419999	19751
15	88420000	89010043	590043
15	89010044	91839950	2829906
15	91839951	93010024	1170073
15	93010025	93569983	559958
15	93569984	94881215	1311231
15	94881216	94888574	7358
15	94888575	98511114	3622539
15	98511115	98518723	7608
15	98518724	99500015	981291
15	99500016	99679977	179961
15	99679978	100250639	570661
15	100250640	100259780	9140
15	100259781	101430156	1170375
15	101430157	Inf	Inf
16	-Inf	5069355	Inf
16	5069356	8730036	3660680
16	8730037	9219187	489150
16	9219188	9850019	630831
16	9850020	9859957	9937
16	9859958	10860231	1000273
16	10860232	11969916	1109684
16	11969917	12660025	690108
16	12660026	12669993	9967
16	12669994	14350238	1680244
16	14350239	14359759	9520
16	14359760	15120060	760300
16	15120061	15139855	19794
16	15139856	15680155	540299
16	15680156	16259870	579714
16	16259871	17190039	930168
16	17190040	17199862	9822
16	17199863	18810010	1610147
16	18810011	19729974	919963
16	19729975	20320549	590574
16	20320550	21219804	899254
16	21219805	22130037	910232
16	22130038	22339939	209901
16	22339940	23070045	730105
16	23070046	23718700	648654
16	23718701	24220601	501900
16	24220602	25259259	1038657
16	25259260	27220575	1961315
16	27220576	28999794	1779218
16	28999795	29670027	670232
16	29670028	31509472	1839444
16	31509473	46690116	15180643
16	46690117	47119948	429831
16	47119949	47694037	574088
16	47694038	48579951	885913
16	48579952	49520764	940812
16	49520765	49529023	8258
16	49529024	50320199	791175
16	50320200	51179086	858886
16	51179087	53630758	2451671
16	53630759	53639815	9056
16	53639816	54150034	510218
16	54150035	54159918	9883
16	54159919	55512156	1352237
16	55512157	55739773	227616
16	55739774	56370119	630345
16	56370120	58709875	2339755
16	58709876	61680040	2970164
16	61680041	61689869	9828
16	61689870	66420334	4730464
16	66420335	72159877	5739542
16	72159878	72820037	660159
16	72820038	72829996	9958
16	72829997	74330260	1500263
16	74330261	74509457	179196
16	74509458	75140011	630553
16	75140012	75669964	529952
16	75669965	77220705	1550740
16	77220706	77249997	29291
16	77249998	79630030	2380032
16	79630031	79639404	9373
16	79639405	81410016	1770611
16	81410017	81969982	559965
16	81969983	84100008	2130025
16	84100009	85129495	1029486
16	85129496	85690005	560509
16	85690006	85949735	259729
16	85949736	86580053	630317
16	86580054	86589511	9457
16	86589512	87360027	770515
16	87360028	87449298	89270
16	87449299	88490289	1040990
16	88490290	Inf	Inf
17	-Inf	5378957	Inf
17	5378958	6020797	641839
17	6020798	6359202	338404
17	6359203	6900075	540872
17	6900076	8799697	1899621
17	8799698	9760425	960727
17	9760426	10549500	789074
17	10549501	11460601	911100
17	11460602	11469869	9267
17	11469870	12660911	1191041
17	12660912	12919874	258962
17	12919875	15930018	3010143
17	15930019	16349979	419960
17	16349980	17090074	740094
17	17090075	18239802	1149727
17	18239803	19231897	992094
17	19231898	19649477	417579
17	19649478	20900034	1250556
17	20900035	21438675	538640
17	21438676	25630197	4191521
17	25630198	26109674	479476
17	26109675	26650044	540369
17	26650045	30819975	4169930
17	30819976	31340000	520024
17	31340001	31359480	19479
17	31359481	32680083	1320602
17	32680084	34317237	1637153
17	34317238	34850083	532845
17	34850084	35939937	1089853
17	35939938	36480984	541046
17	36480985	39119992	2639007
17	39119993	39640762	520769
17	39640763	43489889	3849126
17	43489890	44050185	560295
17	44050186	44109932	59746
17	44109933	45000291	890358
17	45000292	49239902	4239610
17	49239903	54960450	5720547
17	54960451	55199002	238551
17	55199003	55750452	551449
17	55750453	56609579	859126
17	56609580	57750742	1141162
17	57750743	58529556	778813
17	58529557	59480290	950733
17	59480291	60029977	549686
17	60029978	60750360	720382
17	60750361	60759952	9591
17	60759953	61490195	730242
17	61490196	62529700	1039504
17	62529701	63530109	1000408
17	63530110	63539884	9774
17	63539885	64730006	1190121
17	64730007	65148479	418472
17	65148480	65940059	791579
17	65940060	65949640	9580
17	65949641	66520027	570386
17	66520028	67519958	999930
17	67519959	68170001	650042
17	68170002	68179474	9472
17	68179475	71190379	3010904
17	71190380	71419958	229578
17	71419959	72240126	820167
17	72240127	75489489	3249362
17	75489490	76100010	610520
17	76100011	77099763	999752
17	77099764	77750314	650550
17	77750315	Inf	Inf
18	-Inf	909960	Inf
18	909961	2570845	1660884
18	2570846	2929779	358933
18	2929780	3450203	520423
18	3450204	3459975	9771
18	3459976	5290099	1830123
18	5290100	5399554	109454
18	5399555	6950628	1551073
18	6950629	6979979	29350
18	6979980	8630972	1650992
18	8630973	9259140	628167
18	9259141	9950066	690925
18	9950067	9959882	9815
18	9959883	10690678	730795
18	10690679	10699935	9256
18	10699936	11880722	1180786
18	11880723	11889980	9257
18	11889981	12980723	1090742
18	12980724	13059875	79151
18	13059876	13640395	580519
18	13640396	13769215	128819
18	13769216	19442481	5673265
18	19442482	19449938	7456
18	19449939	21110011	1660072
18	21110012	21749892	639880
18	21749893	24430072	2680179
18	24430073	24439749	9676
18	24439750	28710021	4270271
18	28710022	29209944	499922
18	29209945	29780695	570750
18	29780696	29849956	69260
18	29849957	30350020	500063
18	30350021	30356477	6456
18	30356478	31320068	963590
18	31320069	31329947	9878
18	31329948	32390479	1060531
18	32390480	32919934	529454
18	32919935	33551921	631986
18	33551922	33759575	207653
18	33759576	34370502	610926
18	34370503	34379771	9268
18	34379772	39600316	5220544
18	39600317	39668531	68214
18	39668532	40850059	1181527
18	40850060	40859215	9155
18	40859216	42642906	1783690
18	42642907	42649732	6825
18	42649733	43240416	590683
18	43240417	44269606	1029189
18	44269607	44770963	501356
18	44770964	44778908	7944
18	44778909	45360011	581102
18	45360012	45559986	199974
18	45559987	46380090	820103
18	46380091	46389979	9888
18	46389980	47790523	1400543
18	47790524	48609968	819444
18	48609969	51052849	2442880
18	51052850	51059986	7136
18	51059987	51820034	760047
18	51820035	51889996	69961
18	51889997	52550186	660189
18	52550187	52899946	349759
18	52899947	54692983	1793036
18	54692984	55279925	586941
18	55279926	56030316	750390
18	56030317	56419973	389656
18	56419974	59821711	3401737
18	59821712	60246830	425118
18	60246831	60790239	543408
18	60790240	61659947	869707
18	61659948	65170536	3510588
18	65170537	65179998	9461
18	65179999	66340898	1160899
18	66340899	66349944	9045
18	66349945	67510112	1160167
18	67510113	67869476	359363
18	67869477	71790382	3920905
18	71790383	72349982	559599
18	72349983	72910050	560067
18	72910051	73129925	219874
18	73129926	74070018	940092
18	74070019	74077579	7560
18	74077580	74620095	542515
18	74620096	74729594	109498
18	74729595	76751719	2022124
18	76751720	Inf	Inf
19	-Inf	11669559	Inf
19	11669560	12250130	580570
19	12250131	12258854	8723
19	12258855	12770945	512090
19	12770946	13269981	499035
19	13269982	13870013	600031
19	13870014	15569855	1699841
19	15569856	16510378	940522
19	16510379	19779885	3269506
19	19779886	22780065	3000179
19	22780066	22789941	9875
19	22789942	30100734	7310792
19	30100735	30109590	8855
19	30109591	32842379	2732788
19	32842380	34309554	1467174
19	34309555	34840036	530481
19	34840037	37039266	2199229
19	37039267	38050006	1010739
19	38050007	43019445	4969438
19	43019446	44000154	980708
19	44000155	48049482	4049327
19	48049483	48630114	580631
19	48630115	52729981	4099866
19	52729982	53740110	1010128
19	53740111	53749298	9187
19	53749299	54370388	621089
19	54370389	54979520	609131
19	54979521	55590062	610541
19	55590063	56209659	619596
19	56209660	56950582	740922
19	56950583	Inf	Inf
20	-Inf	1459976	Inf
20	1459977	2120085	660108
20	2120086	3849704	1729618
20	3849705	4760655	910950
20	4760656	5178690	418034
20	5178691	5920017	741326
20	5920018	6019825	99807
20	6019826	10030030	4010204
20	10030031	10039857	9826
20	10039858	10620002	580144
20	10620003	10639841	19838
20	10639842	11900024	1260182
20	11900025	11909987	9962
20	11909988	13760486	1850498
20	13760487	13769972	9485
20	13769973	14300180	530207
20	14300181	14309967	9786
20	14309968	17590364	3280396
20	17590365	17609945	19580
20	17609946	18370107	760161
20	18370108	18379316	9208
20	18379317	20012969	1633652
20	20012970	20379834	366864
20	20379835	22560214	2180379
20	22560215	23359916	799701
20	23359917	24940029	1580112
20	24940030	25289996	349966
20	25289997	30380001	5090004
20	30380002	34809855	4429853
20	34809856	35400028	590172
20	35400029	36149958	749929
20	36149959	36760301	610342
20	36760302	37659733	899431
20	37659734	39720483	2060749
20	39720484	40129277	408793
20	40129278	40701180	571902
20	40701181	40749175	47994
20	40749176	42160121	1410945
20	42160122	45318633	3158511
20	45318634	45910193	591559
20	45910194	46289963	379769
20	46289964	47240130	950166
20	47240131	48529876	1289745
20	48529877	49190798	660921
20	49190799	50219912	1029113
20	50219913	50770004	550091
20	50770005	50779840	9835
20	50779841	52103069	1323228
20	52103070	52109823	6753
20	52109824	52770175	660351
20	52770176	52789885	19709
20	52789886	55910365	3120479
20	55910366	56229919	319553
20	56229920	56810139	580219
20	56810140	57839719	1029579
20	57839720	58510686	670966
20	58510687	58578123	67436
20	58578124	60500802	1922678
20	60500803	Inf	Inf
21	-Inf	16339978	Inf
21	16339979	17190869	850890
21	17190870	17199793	8923
21	17199794	19160043	1960249
21	19160044	19169553	9509
21	19169554	22910025	3740471
21	22910026	22915576	5550
21	22915577	27080432	4164855
21	27080433	27089998	9565
21	27089999	28210029	1120030
21	28210030	28309523	99493
21	28309524	30250326	1940802
21	30250327	30718588	468261
21	30718589	32490061	1771472
21	32490062	32499986	9924
21	32499987	33060666	560679
21	33060667	34019201	958534
21	34019202	34611317	592115
21	34611318	36168788	1557470
21	36168789	37410204	1241415
21	37410205	38129985	719780
21	38129986	40190404	2060418
21	40190405	40649965	459560
21	40649966	41450484	800518
21	41450485	41459770	9285
21	41459771	42770512	1310741
21	42770513	Inf	Inf
22	-Inf	17629807	Inf
22	17629808	18360914	731106
22	18360915	18389748	28833
22	18389749	19020788	631039
22	19020789	20119932	1099143
22	20119933	21150145	1030212
22	21150146	22329983	1179837
22	22329984	22890022	560038
22	22890023	22899944	9921
22	22899945	23500050	600105
22	23500051	25599992	2099941
22	25599993	26120195	520202
22	26120196	27019951	899755
22	27019952	28190730	1170778
22	28190731	28499244	308513
22	28499245	29130211	630966
22	29130212	32019987	2889775
22	32019988	32620049	600061
22	32620050	33259762	639712
22	33259763	35480011	2220248
22	35480012	36139980	659968
22	36139981	36680109	540128
22	36680110	39269721	2589611
22	39269722	39770117	500395
22	39770118	43019965	3249847
22	43019966	43560060	540094
22	43560061	43619896	59835
22	43619897	44280056	660159
22	44280057	45929868	1649811
22	45929869	46500617	570748
22	46500618	47078951	578333
22	47078952	50210020	3131068
22	50210021	Inf	Inf
23	-Inf	2779935	Inf
23	2779936	9680035	6900099
23	9680036	10418016	737980
23	10418017	11130184	712167
23	11130185	11139974	9789
23	11139975	11780277	640302
23	11780278	11787608	7330
23	11787609	12730781	943172
23	12730782	12909332	178550
23	12909333	13770563	861230
23	13770564	13799878	29314
23	13799879	14930381	1130502
23	14930382	14939566	9184
23	14939567	15560062	620495
23	15560063	15809506	249443
23	15809507	17740098	1930591
23	17740099	17758321	18222
23	17758322	18660120	901798
23	18660121	19379966	719845
23	19379967	20021836	641869
23	20021837	20179913	158076
23	20179914	21670367	1490453
23	21670368	21676471	6103
23	21676472	22263309	586837
23	22263310	22269724	6414
23	22269725	23410464	1140739
23	23410465	23419968	9503
23	23419969	24001967	581998
23	24001968	24009592	7624
23	24009593	24750043	740450
23	24750044	24759992	9948
23	24759993	30260014	5500021
23	30260015	30269887	9872
23	30269888	30845430	575542
23	30845431	30849854	4423
23	30849855	37310338	6460483
23	37310339	37988257	677918
23	37988258	39930200	1941942
23	39930201	39939127	8926
23	39939128	41200676	1261548
23	41200677	41379976	179299
23	41379977	46912332	5532355
23	46912333	47779480	867147
23	47779481	48331035	551554
23	48331036	49109907	778871
23	49109908	49642956	533048
23	49642957	50137909	494952
23	50137910	53100810	2962900
23	53100811	55049993	1949182
23	55049994	63404184	8354190
23	63404185	63409913	5728
23	63409914	64721475	1311561
23	64721476	65489104	767628
23	65489105	66941545	1452440
23	66941546	66949722	8176
23	66949723	67750444	800721
23	67750445	68387554	637109
23	68387555	69250100	862545
23	69250101	70779930	1529829
23	70779931	71350132	570201
23	71350133	71428409	78276
23	71428410	73040018	1611608
23	73040019	73069854	29835
23	73069855	73740501	670646
23	73740502	73968673	228171
23	73968674	75390986	1422312
23	75390987	75399261	8274
23	75399262	77380076	1980814
23	77380077	77389025	8948
23	77389026	79930050	2541024
23	79930051	79949984	19933
23	79949985	86082218	6132233
23	86082219	86088766	6547
23	86088767	96850687	10761920
23	96850688	96859994	9306
23	96859995	99660565	2800570
23	99660566	100809356	1148790
23	100809357	101852919	1043562
23	101852920	102339854	486934
23	102339855	102970370	630515
23	102970371	103439966	469595
23	103439967	105190199	1750232
23	105190200	105199964	9764
23	105199965	106840453	1640488
23	106840454	106848578	8124
23	106848579	107392436	543857
23	107392437	107979979	587542
23	107979980	108780173	800193
23	108780174	108788018	7844
23	108788019	109411574	623555
23	109411575	109699539	287964
23	109699540	110490187	790647
23	110490188	110548166	57978
23	110548167	114880278	4332111
23	114880279	114889903	9624
23	114889904	117770146	2880242
23	117770147	118979522	1209375
23	118979523	119570219	590696
23	119570220	119579927	9707
23	119579928	122752947	3173019
23	122752948	122759735	6787
23	122759736	123510247	750511
23	123510248	123519951	9703
23	123519952	128690831	5170879
23	128690832	129159392	468560
23	129159393	130212494	1053101
23	130212495	130419986	207491
23	130419987	131210251	790264
23	131210252	131518949	308697
23	131518950	132431265	912315
23	132431266	132439966	8700
23	132439967	134420006	1980039
23	134420007	134429789	9782
23	134429790	135121937	692147
23	135121938	135767859	645921
23	135767860	140991144	5223284
23	140991145	140997139	5994
23	140997140	142710519	1713379
23	142710520	142718960	8440
23	142718961	144900053	2181092
23	144900054	144909779	9725
23	144909780	147010080	2100300
23	147010081	147019774	9693
23	147019775	148072043	1052268
23	148072044	148079997	7953
23	148079998	149930431	1850433
23	149930432	149939994	9562
23	149939995	150870083	930088
23	150870084	151129822	259738
23	151129823	151811253	681430
23	151811254	Inf	Inf
